1.14	-0.114
-1.52	-1.15
-1.05	0.72
-0.916	0.397
-1.09	0.437
-0.584	0.0937
1.83	0.452
-1.25	-0.286
1.7	1.21
-0.482	-0.485
1.79	-0.459
-0.122	-0.808
0.0809	1.93
-0.541	-0.332
-1.02	0.619
-0.768	-1.04
-1.69	-0.0461
1.26	1.21
0.724	0.989
0.444	1.99
-1.01	-1.36
-0.863	0.496
1.16	-0.458
-0.595	-0.651
-0.77	0.364
-0.871	-0.825
0.996	-1.7
1.28	0.691
0.925	0.895
-0.687	-1.29
1.74	0.964
1.18	-0.335
2.52	1.43
1.71	-0.044
0.271	-0.591
1.12	0.626
1.3	0.196
-1.59	-0.68
0.408	0.0673
1.13	1.48
0.763	0.921
-1.41	1.11
-0.75	-0.881
1.16	0.978
1.13	0.405
-0.522	-1.34
-1.41	0.894
0.00902	-0.434
-2.14	-1.43
-1.31	1.25
0.041	-1.13
0.0483	0.866
-2.11	0.193
0.522	1.46
0.0284	1.62
0.396	-0.606
0.536	0.921
0.315	-0.182
-0.123	-1.07
0.526	1.48
0.00665	0.0118
-0.352	-0.49
-0.0701	-1.23
-0.149	-1.2
0.785	0.0481
-1.62	0.593
-0.0314	-1.01
-0.285	-1.1
1.33	1.51
1.09	-1.37
-0.223	-1.28
-0.0341	-1.07
1.22	1.13
-1.67	-1.26
1.97	-0.772
-0.508	-0.715
0.603	-0.108
-0.323	-0.213
-0.124	-1.12
-0.439	-0.961
0.201	0.0024
0.812	0.708
0.888	0.817
0.0238	0.0836
0.415	-1
-0.308	2.19
0.767	-0.248
1.23	-1.2
1.33	1.63
0.27	0.0491
-1.69	-1.87
0.495	-0.281
-0.519	-0.799
-1.99	0.549
1.36	-0.732
-1.03	0.654
0.431	-1.33
-0.0583	-1.15
-0.209	0.345
1.26	-1.37
-1.78	-0.378
0.98	-0.0439
-0.0536	1.6
-1.39	-0.451
1.22	-0.361
1.22	0.561
-0.838	0.356
-0.446	-0.861
1.17	-1.39
-0.0868	-1.33
-1.12	0.576
-0.28	-1.3
-0.0269	0.958
-0.697	1.35
1.38	-1.74
0.408	1.16
1.2	1.54
2.07	1.02
-0.462	-0.187
1.27	0.589
-0.101	-0.765
-0.819	1.26
0.615	-0.0228
-1.79	-0.98
-1.79	-0.954
0.826	1.5
0.845	0.766
-0.476	-1.49
1.01	0.48
1.39	-0.376
0.357	-1.07
0.77	1.4
-1.08	0.114
-0.795	-1.43
0.706	1.38
-1.26	0.23
-0.833	-0.569
-0.0303	2.11
-0.223	-0.419
-0.562	-0.873
0.926	0.972
-1.86	-1.57
-0.806	0.941
-0.214	0.38
0.744	1.42
1.94	-0.65
1.77	1.35
-0.903	0.101
-0.0418	-1.02
0.309	-0.175
-0.634	-0.969
-1.62	0.102
-1.21	1.27
0.529	0.133
0.386	1.55
-0.0962	0.19
-0.536	1.13
1.02	-0.261
-0.876	-1
2.35	1.21
-0.982	-1.08
-1.16	0.469
-1.74	0.693
-1.1	1.16
0.0179	-0.7
-0.62	-0.984
-1.52	0.66
1.07	-0.985
0.917	0.525
-0.0482	1.52
1.49	1.55
-0.584	1.01
-0.0625	-0.12
-1.68	1.08
-1.77	-0.923
-0.202	0.712
1.06	-0.427
1.71	1.1
-1.7	0.872
1.86	1.14
-0.529	-0.357
-0.411	-1.3
0.666	1.36
0.162	-0.791
-0.296	0.255
-0.0347	1.3
0.294	-1.5
-0.52	-1.17
0.741	-1.2
-1.33	1.08
-0.0987	0.966
0.0131	-0.969
0.896	1.58
-0.412	0.492
0.683	1.07
-0.753	-0.0615
-0.0674	1.85
1.08	0.683
1.15	0.243
0.497	-0.671
0.174	1.92
1.64	0.0477
-0.478	-0.796
-0.447	-1
-1.04	-0.2
2.06	-0.482
-0.89	-1.17
0.312	-1.23
0.976	-1.39
0.291	-0.795
0.303	-0.143
1.1	-0.695
0.579	-1.02
-1.54	0.685
0.916	0.144
1.18	0.614
0.254	-0.862
-0.877	-0.401
1.97	0.99
0.471	1.39
1.63	0.475
0.945	0.309
0.121	-1.3
1.06	-0.69
1.42	-0.32
0.535	0.504
0.912	-0.114
-0.75	1.14
1.14	-0.209
-1.03	-1.09
0.268	-1.08
-1.77	-0.828
0.378	-0.0609
1.19	0.113
-0.168	1.32
2.07	1.21
-1.07	0.707
-1.19	0.309
1.19	0.697
0.121	1.72
1.23	-0.0582
0.44	0.399
-0.723	0.633
-0.63	0.949
0.143	0.263
1.23	-0.615
1.9	-0.0565
1.22	-0.0172
0.0107	0.0258
0.36	-0.715
0.139	-1.01
0.308	-1.06
-0.645	-0.238
1.15	0.715
-0.531	-1.27
1.05	0.701
0.0681	-0.76
-0.595	1.46
0.72	0.989
-1.86	-0.963
0.0692	-0.828
0.863	0.765
-0.574	1.32
-0.467	-1.51
1.43	0.484
-0.592	-1.17
0.122	-0.041
0.909	0.118
-0.705	-0.93
1.05	0.453
-0.786	-1.33
0.07	1.7
-0.36	-1.28
-1.25	0.985
1.33	1.42
0.778	-0.694
-1.87	-1.26
0.178	1.49
-1.03	1.18
-0.956	-0.818
0.0345	-0.691
-1.25	0.512
-0.187	-1.38
-1.24	1
0.329	-0.37
-1.37	-0.803
0.529	1.62
-0.23	1.08
-0.619	-0.748
-0.914	1.07
0.163	-1.31
1.19	-1.34
0.983	-1.31
-1.63	-1.41
-1.02	-0.296
-0.387	0.26
-1.59	-1
1.69	-0.724
-0.869	-0.0393
-1.9	0.106
-1.75	0.722
-1.06	-1.07
-0.509	-1.41
-0.112	-0.841
1.08	0.79
0.498	0.567
-0.796	-1.63
-0.3	-1.04
-2.34	0.246
0.842	-1.41
-0.0263	-1.35
0.586	1.15
1.87	-0.239
0.404	-0.868
0.564	-1.13
-0.0584	0.54
-1.58	-1.26
-0.813	-0.57
-0.579	-0.748
-1.35	1.32
-0.639	-0.938
1.49	-0.00779
0.719	0.0781
0.0346	1.7
-0.274	0.0468
0.207	0.0304
1.63	-0.251
-0.207	-0.745
-0.717	1
1.17	-0.567
0.661	1.69
-1.13	0.6
-0.109	-1.25
0.68	0.702
0.867	0.81
-0.562	-1.01
1.79	-0.102
-1.87	-1.1
-0.946	-0.197
0.812	-0.195
0.287	-0.517
0.262	-0.673
-0.358	-1.02
-0.392	-1.27
-1.2	-1.02
-0.337	-1.45
-1.54	-0.643
0.311	1.76
-0.473	-0.749
1.71	0.0217
1.88	-0.368
-1.18	-0.0978
0.0431	-0.0199
1.23	0.354
0.0788	-0.0998
0.0544	-1.59
-0.24	1.72
-0.496	-1.09
-0.636	1.35
1.15	0.634
1.29	-1.43
-0.983	1.06
-0.206	-0.474
0.298	-0.829
-0.972	-1.06
1.21	0.354
0.328	1.71
0.313	-1.07
-1.24	-0.352
-1.39	-0.68
1.2	-1.56
-0.208	0.332
0.553	1.54
0.354	-1.19
-0.74	-1.53
-0.769	1.35
-0.0381	-0.791
-0.102	-0.13
-1.06	0.496
-0.481	1.09
0.866	-0.917
1.06	0.266
1.73	1.68
-0.516	-0.935
-0.893	-1.27
1.2	-0.948
0.763	1.15
0.794	0.762
-0.314	0.0194
-0.456	1.55
1.04	0.563
-0.0978	-0.424
1.37	-0.643
-0.201	0.0726
-1.97	0.611
0.99	-0.0762
1.28	0.902
0.569	1.62
-1.2	-0.451
-0.508	1.48
-1.69	-0.175
-0.298	-1.26
0.301	-1.17
0.975	1.48
-0.853	-0.254
0.837	1.75
0.379	1.36
-0.364	-0.0828
0.939	-0.351
1.24	0.554
1.37	-0.331
-0.48	-0.913
1.34	-0.261
0.286	1.23
0.672	2.03
-0.52	-1.52
-0.513	1.29
-0.648	-0.631
-0.113	-0.197
0.103	0.329
-0.941	0.976
-0.533	-0.402
1.09	-1.59
-0.395	-0.756
1.46	-0.417
-0.724	-1.26
-1.59	-0.98
0.159	1.51
-0.843	1.4
-0.581	-1.27
-0.268	-1.26
-1.58	-0.842
-0.52	1.2
-0.0203	1.92
-1.52	0.934
1.05	0.444
0.351	-0.0402
-0.322	-1.12
-0.654	-0.999
0.165	-1.58
2.6	0.951
1.52	-0.0653
-1.29	-0.529
1.18	0.392
-0.00264	-1.02
1.24	0.273
1.45	0.398
0.54	-1.26
-0.324	-1.03
-1.69	-1.2
-0.455	0.868
2.16	1.16
-0.232	-1.4
0.685	1.69
-0.0537	-1.52
1.03	0.548
-0.758	-1.21
-0.259	0.496
-0.472	0.411
-0.127	-1.33
-0.784	-1.05
-1.73	-1.32
-1.24	-0.919
0.275	-0.987
1.66	0.672
-1.07	0.963
-0.262	1.28
-1.4	-0.37
-0.288	0.305
0.778	1.44
1.23	-0.493
-1.27	-0.273
-0.994	1.14
0.74	1.2
0.489	0.904
0.805	-0.237
-1.86	-1.47
-0.617	-1.02
-0.66	0.965
0.487	-0.13
-0.0508	-1.19
0.96	-0.522
-1.21	0.778
0.149	1.98
-1.76	-0.903
0.0486	-0.389
-0.891	1
0.263	-1.48
1.21	1.28
-1.46	0.0829
-1.04	1.19
-1.69	-0.542
0.707	0.0524
1.31	-0.254
-0.488	-0.566
1.8	-0.811
1.84	1.18
1.49	-0.156
-0.881	-1.59
0.529	0.788
0.571	0.197
-2.07	0.0318
-1.23	-0.308
0.682	1.5
-1.33	0.0398
-1.35	0.424
0.307	-0.678
0.859	-0.952
-0.672	0.683
1.36	0.258
-0.37	1.48
-1.9	-1.1
-1.38	-0.32
0.234	0.958
-1.01	-0.771
-0.739	0.578
-0.107	-1.5
0.592	0.973
0.52	1.21
0.416	1.86
-0.181	0.344
1.27	-0.441
0.422	-0.934
-0.704	-0.802
0.088	-1.25
0.952	0.427
1.39	-0.218
-1.08	-1.3
1.25	-0.35
0.183	-1.21
-0.0765	-1.12
-0.407	0.602
0.975	0.809
-0.0552	0.882
-0.946	1.02
1.11	-0.106
-0.794	1.07
-0.652	-1.1
-2.08	-1.78
-0.631	-0.867
-0.856	-1.31
-0.215	-1.01
-1.12	0.154
-1.1	0.135
-0.134	-1.1
0.844	0.243
0.472	0.289
1.64	0.174
-0.413	-0.0275
-0.875	0.591
-0.404	0.178
-0.297	-0.467
-0.698	-1.26
1.2	0.298
-0.346	-1.5
-1.14	-0.494
-0.0242	-0.659
-0.495	-1.2
-0.803	-0.782
-0.641	0.516
-0.0874	-0.948
-1.04	0.679
0.701	0.0237
-0.677	-1.41
-0.516	0.831
-0.864	-1.56
0.863	-1.02
-1.12	0.559
-0.779	-1.14
-0.9	1.49
2.43	1.39
-1.67	-1.73
0.743	-1.18
-1.52	-0.658
1.28	-0.176
1.58	-1.29
0.61	0.488
-2.15	-0.858
-0.0307	0.678
-0.227	-1.19
0.642	1.65
-1.58	-1.25
0.373	1.48
0.333	-0.845
-1.18	-0.758
1.15	-1.52
-0.601	-0.539
-1.57	-1.74
0.652	-0.646
-1.43	1.26
0.71	0.0529
1.18	0.585
-1.01	-1.27
0.13	1.38
0.469	-0.321
-1.08	0.72
0.987	0.858
1.57	-0.389
-0.411	0.727
-0.72	0.189
-0.00329	-0.0777
-0.937	-0.086
2.21	1.02
-0.606	-0.997
1.4	0.377
0.37	0.312
-1.41	-0.214
-0.192	1.66
-0.0246	-0.141
1.07	-0.0433
-0.477	-1.25
-1.35	-0.485
0.996	0.225
-1.25	-1.28
-0.198	1.67
-0.8	-0.282
0.168	0.345
0.851	1.46
1.45	-1.24
-1.02	-1.18
-1.31	0.916
-0.457	-0.322
0.0744	1.04
0.902	-1.08
-0.904	0.953
-0.11	-0.911
1.01	-1.05
0.441	-1.13
-0.287	-0.726
0.205	-0.471
-0.625	1.14
-0.623	-0.737
-0.254	-0.932
-0.817	-1.19
-1.73	0.87
0.176	1.94
0.899	-0.235
0.834	-0.584
0.15	-0.256
-1.23	-0.336
0.866	-0.807
1.07	0.0877
-0.256	1.52
2.34	-1.25
-0.374	-1.08
-1.16	0.381
-1.3	-1.17
0.527	-0.251
-0.748	-0.57
1.02	0.997
0.105	0.103
0.563	0.137
0.317	-0.0233
0.15	1.3
-1.31	0.00723
1.42	-0.146
0.576	1.7
-0.106	-0.316
-1.2	0.932
-1.14	0.488
-0.151	1.66
-1.46	-0.909
1.36	-0.425
1.41	0.83
0.176	-1.11
-0.526	1.26
0.552	-1.07
-1.14	0.304
-1.64	0.143
-0.189	-1.24
0.775	0.0171
-0.598	1.22
-1.71	-1.29
1.52	0.409
0.548	-0.959
-0.636	-0.988
-0.0723	-1.08
0.0949	-0.854
0.726	0.289
1.43	0.147
-0.0238	407e-6
0.939	1.69
-1.29	0.511
0.324	1.68
-0.506	-1.09
0.341	-1.32
-0.978	0.931
-1.31	-0.229
1.29	0.677
1.01	-0.94
0.0219	-0.388
-0.647	-1.22
-0.31	-1.38
-0.146	0.132
1.38	0.877
0.24	-1.14
-1.01	-1.53
1.21	-1.02
-0.623	1.24
-1.42	0.83
-0.0908	-0.846
1.39	-0.872
0.502	-0.536
-0.046	1.51
-1.35	-1.19
1.77	0.109
-0.166	-0.986
0.152	1.53
0.308	0.933
-1.11	0.439
-1.87	-0.451
-1.66	-0.735
1.18	0.424
-0.109	-0.884
0.243	0.304
1.04	0.816
0.514	1.27
-0.145	1.67
0.169	1.86
-0.984	-0.807
0.379	-0.755
-1.11	0.655
-0.918	1.13
-0.43	-0.722
-1.62	-1.85
0.377	0.198
-0.329	-0.858
0.125	2.16
-0.108	-1.3
-0.118	1.7
0.826	0.744
-1.1	0.811
1.2	-0.598
-1.89	-0.727
1.45	0.229
0.833	-0.254
-1.7	-0.845
0.272	1.82
0.179	1.81
-0.951	0.533
-1.07	0.534
-0.874	0.922
-0.0715	1.41
0.195	-0.296
0.373	-1.17
0.808	-0.831
-0.504	1.03
1.39	0.262
1.12	0.862
0.755	0.22
1.57	-0.114
1.32	1.36
0.802	0.133
-0.558	0.572
0.27	0.696
-0.606	-0.546
-0.556	-0.505
-1.74	0.254
0.143	0.337
1.19	-0.404
-0.16	-1.36
1.29	0.153
1.47	-0.312
-0.853	-1.17
-0.377	0.607
0.816	0.306
1.16	-1.08
0.378	-0.56
-0.567	-1.14
0.934	0.258
1.01	-0.743
0.96	-0.9
-0.249	0.0234
1.45	-0.26
-0.497	1.07
0.827	0.755
0.604	0.374
2.51	1.11
0.154	-0.653
-0.264	-0.768
-0.573	-0.789
0.792	0.988
-0.0338	1.52
1.59	-0.522
-0.61	-0.306
0.184	1.7
0.0317	-0.821
0.781	0.415
0.118	-1.37
-1.57	0.942
0.415	1.8
0.552	2.05
-1.21	-0.934
-2.14	-0.476
0.0154	-1.41
-0.0789	-1.35
-0.397	1.32
-0.466	0.145
0.238	-1.51
-0.433	-1.13
1.3	0.555
0.0991	-1.05
0.59	-0.796
-0.235	-0.617
0.796	0.429
-1.97	-0.271
0.284	2.37
-0.39	-0.209
0.165	-0.405
-0.424	2.01
-0.934	-1.58
0.218	-0.368
-0.283	1.88
-0.347	-1.5
-0.342	-1.31
0.313	0.189
-0.341	-0.0358
-0.00698	-1.15
-1.73	-1.3
-0.451	0.775
-1.62	-0.712
-0.862	-0.0613
-0.828	-0.839
-1.01	1.07
1.02	0.858
-0.255	0.387
0.118	0.13
-0.786	-0.64
-0.0895	1.65
2.46	1.23
-0.803	-0.705
-0.618	-1.2
0.713	1.02
0.976	-1.53
1.47	1.21
-1.97	-0.674
-0.012	1.42
0.748	-0.558
-1.45	-0.203
0.199	-0.86
-1.68	-0.51
0.56	0.491
0.216	-1.12
-0.232	-0.843
1.66	1.42
0.301	2.01
1.33	0.825
1.18	0.08
-1.59	0.138
1.78	-0.508
1.37	-1.52
0.802	0.431
0.913	-0.318
0.00564	-1.14
-1.08	1.31
0.379	1.37
-0.106	-0.933
0.854	-0.827
-1.47	-0.212
1.24	-1.33
-0.314	-0.984
-0.474	-0.911
0.659	-0.057
1.83	0.349
1.51	-1.15
-0.237	-1.4
0.016	-1.13
0.26	1.91
-0.104	-1.09
-0.724	-1.48
1.24	-0.145
-0.776	-1.26
1.16	0.0489
1.05	-2.08
0.143	1.05
-1.42	-1.51
1.21	0.642
0.551	1.48
0.191	1.72
0.345	-0.891
-0.396	-1.38
-1.59	-0.766
0.903	-1.17
1.57	-0.0908
1.18	0.913
-0.323	-0.264
-0.302	-1.22
-1.26	-0.296
0.874	-1.41
-0.885	1.05
-1.52	-0.74
-0.716	-0.194
-0.579	-0.397
-1.52	0.388
1.57	-0.566
-0.702	-1.2
-0.366	-0.882
1.45	-1.78
-1.22	0.831
1.39	-1.11
0.969	0.921
0.659	1.07
-0.238	0.126
-0.576	-0.463
0.171	-0.886
0.893	0.345
-1.49	0.885
0.258	0.309
-0.609	-0.917
1.05	0.651
-0.827	-0.506
0.374	-1.39
-0.784	0.969
1.08	1.42
0.146	-0.151
-1.93	0.603
-0.734	-1.09
-1.19	-0.529
0.0176	0.0932
1.72	-0.448
1.37	0.625
1.3	0.186
-0.0618	0.358
-0.929	-1.39
1.14	-0.0771
-0.85	-0.92
-1.78	-1.49
-1.86	-0.977
-0.699	-578e-6
-0.995	-1.39
-0.233	0.593
-0.415	1.48
-1.66	-0.792
-0.152	-0.669
-0.673	0.313
-1.24	-0.72
0.73	-0.37
-1.25	0.104
1.85	1.38
0.134	-0.922
0.546	-0.195
0.604	1.03
-1.13	-1.08
-1.13	0.193
-1.62	1.02
-1.07	-1.11
-0.443	1.86
0.0438	0.536
-0.262	-1.2
0.156	0.152
-0.311	0.995
0.639	1.2
-1.42	-0.36
-1.43	0.707
1.52	-1.34
-1.91	-2.24
0.132	2
2.06	1.12
0.512	-1.34
-0.138	-0.951
1.15	0.824
0.233	-1.29
-0.124	-1.27
0.0584	-0.638
0.486	0.245
-0.0227	0.163
1.15	1.16
0.834	1.24
-2.03	-1.65
0.0205	1.23
0.522	1.36
-0.801	-0.24
-0.178	-0.238
1.16	1.05
-1.94	-1.03
1.45	0.273
-1.07	1.16
0.413	-1.3
1.32	0.0928
0.322	1.68
-0.292	-1.32
0.206	1.19
-0.639	-1.37
0.407	1.67
0.144	1.56
-1.58	0.588
-1.58	0.807
0.683	-0.0347
-0.668	-1.13
-2.05	-1.4
-0.679	-0.0957
-0.924	1.45
-0.547	-1.31
0.0296	1.2
2.23	0.895
-0.56	-1.41
-0.558	-1.67
0.0598	-1.26
0.51	-1.15
-0.122	-0.0671
-0.502	-1.04
1.41	-0.808
-0.68	0.314
-0.347	0.574
-0.155	1.29
1.18	0.0819
1.8	-1
-0.653	-0.734
1.3	0.648
0.265	-0.182
0.896	0.36
-0.945	-1.43
-1.26	-1.01
-1.65	-0.723
-0.103	-1.71
1.87	1.19
0.839	-0.0819
0.167	0.87
-0.917	-0.863
1.26	-0.912
-0.786	-1.02
2.81	1.3
0.725	-0.54
-0.709	-0.262
0.56	-1.05
-1	0.078
1.18	-0.0513
-1.29	0.891
0.126	-0.865
1.31	-0.238
1.62	-0.919
0.918	0.82
2.17	1.24
0.433	0.38
0.211	-1.28
1.18	-0.0335
-1.32	-0.403
-0.0936	-1.28
-0.812	-0.411
0.933	1.21
0.642	0.909
1.16	1.48
-0.54	-0.601
-1.48	-0.682
1.41	-1.48
-1.63	-1.16
0.663	1.7
0.0329	1.88
-1.08	-0.0594
0.981	-0.0572
-0.334	0.18
-0.477	0.676
1.12	-0.756
1.36	0.482
0.123	-1.62
-0.259	0.996
-0.0662	-0.479
-1.4	0.553
0.1	-1.48
1.37	0.428
-0.32	0.707
1.76	1.33
-0.254	0.403
0.636	1.34
-0.437	-0.984
-0.804	0.396
0.685	2.2
1.89	0.834
-0.615	-1.36
0.387	1.71
-0.238	-1.49
-1.03	-0.422
0.656	0.844
0.713	2.04
1.26	1.72
-0.745	0.987
-1.44	-0.358
0.127	1.22
1.79	1.5
-0.27	0.0117
0.418	-1.12
2.17	1.45
1.66	1.3
2.12	1.1
-0.252	0.623
0.16	-1.4
1.27	0.301
-0.93	0.758
-0.966	0.487
0.0236	-1.07
0.517	-0.931
-1.95	-0.9
0.213	-0.752
-0.377	-0.973
0.395	0.423
-0.76	-0.862
-0.947	0.445
0.112	0.238
1.24	0.342
-0.322	-0.356
-1.15	0.587
0.923	0.246
-0.339	0.806
-0.711	0.0759
0.157	-0.934
0.235	-1.05
-0.111	-1.33
-0.651	0.369
0.527	1.18
1.76	1.48
0.0386	-1.26
0.584	-0.212
-1.02	-1.01
-1.2	-0.248
-0.824	0.858
0.191	1.94
-0.259	1.34
-1.22	1.12
1.11	0.57
0.073	-0.00169
-0.0281	-0.323
0.48	-1.15
0.0967	-1.4
0.375	1.24
-1.63	0.101
0.02	-1.54
0.592	1.15
0.0071	-0.924
0.784	0.972
1.33	0.335
-1.42	-0.0747
-0.795	1.17
-0.0247	-1.5
0.904	1.04
0.237	0.0367
0.604	-0.709
-0.948	-0.982
0.686	-0.19
1.2	-0.754
-1.59	0.763
0.255	0.412
1.78	1.35
-0.629	-0.118
0.0428	-1.04
0.973	0.457
-0.639	1.28
1.23	-0.00847
2.64	0.966
0.323	-0.796
-1.12	-1.39
-1.14	0.693
0.0328	1.22
0.0496	-1.05
-2.11	-1.45
-1.28	0.213
-0.577	0.206
2.71	1.35
0.121	1.63
-0.0275	-1.42
-1.15	0.406
-0.204	-1.54
-0.299	-1.14
0.216	1.96
-0.567	-1.14
-0.236	-1.17
1.22	-0.0466
-0.852	-0.59
-1.06	0.917
0.595	1.02
1.05	0.768
0.996	1.04
1	1.69
0.799	0.995
0.725	1.39
0.782	1.8
1.93	1.34
-0.791	-1.43
1.33	-0.486
1.64	-0.605
1.13	0.33
-1.58	0.456
-0.0767	168e-6
-1.87	-1.17
-0.892	1.25
0.785	0.173
1.04	0.779
-0.693	0.953
0.682	-0.146
-0.167	1.07
-0.621	-1.12
0.133	-0.227
0.871	1.29
-0.719	-0.384
0.0379	-1.64
1.57	1.43
0.314	1.84
1.68	-0.293
-0.656	-0.334
0.551	0.921
-1.52	0.946
-0.156	-1.16
0.0652	-0.766
-1.15	0.771
1.07	-0.221
0.535	1.4
-0.0692	1.73
2.36	1.33
-0.599	-0.965
-0.903	-0.0822
-1.6	0.682
0.271	-0.0382
0.838	0.603
1.34	-0.689
0.657	1.05
-1.52	0.506
-1.21	0.488
-0.112	1.85
0.74	1.53
0.451	-0.00833
-1.6	0.632
-2.1	-0.859
-1.37	0.645
0.52	1.25
-0.198	-0.536
1.54	1.24
-0.421	-0.731
1.1	0.253
0.734	-0.212
-2.12	-0.575
-0.0531	-1.26
0.835	-0.0137
1.1	0.604
-0.505	1.17
-0.524	-0.857
-1.89	-0.799
-0.975	-0.182
0.616	-1.07
-0.362	-1.7
0.611	0.649
-1.41	-1.02
-0.614	-1.43
-0.286	-0.571
-0.697	-1.69
-0.859	0.885
0.526	1.36
-0.251	0.846
2.01	-0.695
-1.51	-0.593
-0.155	-1.03
-1.8	0.529
-0.162	-0.0223
-0.628	-0.267
-0.746	-0.93
-0.61	0.00888
-0.0339	-1.66
0.935	0.556
1.01	0.829
-2.77	0.0962
1.26	0.0903
-0.638	-1.01
0.552	0.961
-0.239	-0.848
0.275	-0.202
-1.83	0.601
-0.507	1.24
0.908	-0.506
1.16	0.703
-0.751	-1.37
-0.628	0.601
-0.5	-0.0595
-0.889	-0.884
-0.341	0.169
0.0554	-0.139
-0.455	-1.3
-0.116	0.0815
-0.71	-0.874
1.35	-0.25
1.51	1.59
1.67	-0.978
-0.116	-1.36
-1.95	-0.16
1.75	-1.03
2.36	1.5
1.24	0.828
-0.526	1.19
-0.0866	-1.37
-1.46	-0.891
0.637	0.00536
0.384	-0.314
0.431	0.266
1.35	0.644
-0.744	0.196
-0.45	-1.59
1.31	1.07
-0.696	-1.2
0.553	-0.817
-0.532	-0.179
-0.861	-0.862
-1.25	-0.897
-0.631	-0.914
0.524	-0.648
0.791	1.69
-0.501	1.1
0.768	-0.917
1.29	1.07
1.24	0.00235
0.811	2
1.18	1.25
0.32	-0.465
-1.27	-0.704
-0.869	1.38
-0.468	0.245
1.44	-1.52
-1.62	-1.16
1.89	1.1
0.284	2.31
0.0066	-0.994
-1.81	-0.643
-1.19	-1.03
-0.747	0.468
1.19	-0.966
0.748	1.81
0.225	1.34
0.899	0.538
0.904	0.195
-1.25	0.479
0.74	1.35
-0.798	-1.21
0.371	-0.589
1.11	0.0482
-0.27	-1.28
-0.369	-0.984
-0.752	-0.319
-0.538	-1.15
-0.509	0.912
2.51	1.3
0.137	1.69
-0.129	1.57
-1.55	-0.663
0.818	0.845
-0.717	-1.03
0.0188	0.0512
-0.71	0.465
-1.43	-1.18
-1.39	-0.282
0.753	1.84
0.598	0.484
0.0256	0.228
1.02	0.508
-1.32	1.12
-1.7	0.422
-0.037	-1.35
-1.01	-0.211
-1.25	-1.1
1.5	0.637
-1.02	0.899
-0.827	-0.757
1.54	-0.26
-0.0979	-1.01
-1.01	-1.29
-0.707	-0.378
-0.878	-1.16
-1.34	0.717
2.21	1.21
0.25	0.466
2.34	1.13
0.614	-0.157
2.03	-0.427
-0.568	-1.36
-1.64	-1.27
0.779	-0.815
-0.707	-0.568
-0.712	-1.1
1.62	0.0564
-1.01	0.412
1.61	1.4
-1.26	-0.503
-0.845	-0.377
1.31	-0.566
-0.218	2.09
-0.68	-1.07
1.15	-1.56
0.55	0.857
-0.43	-1.4
0.403	-0.997
-0.0017	0.282
-0.617	-0.458
0.143	-1.56
-0.221	0.12
0.58	1.17
0.876	-0.969
-0.0237	0.303
0.0052	0.24
0.904	0.97
-0.806	0.575
0.423	-0.334
1.08	1.36
-0.639	1.25
-0.0782	-1.1
0.595	0.429
0.908	1.48
0.355	0.562
0.149	-0.295
-1.94	-0.273
0.222	0.214
-1.44	-0.43
0.265	-0.375
-0.295	0.565
-1.55	-1.02
-0.93	-0.895
-1.18	0.422
-0.203	-1.08
1.26	-0.328
1.48	-1.05
-0.499	-0.766
0.12	-1.12
-0.338	-0.91
0.909	0.522
0.395	0.0856
-0.7	-1.25
0.0828	-0.879
-0.832	-1.33
-2.01	-1.85
-1.55	0.695
-0.755	-1.09
-0.83	0.993
0.314	1.54
-1.44	-0.225
0.287	1.45
-0.278	-0.815
1.46	-0.509
0.496	1.52
1.81	-0.218
0.824	0.45
-2.56	-0.0784
-0.836	-0.507
0.066	-1.23
-0.742	0.36
1.31	0.328
1.35	1.21
0.34	-1.03
-1.07	-0.616
-0.634	1.65
1.95	-1.02
-0.0397	-1.09
1.04	-1.13
-1.15	0.729
-0.528	0.953
0.854	1.15
-1.04	1.04
-0.921	-1.19
-1.78	-1.58
-0.0184	-1.13
-1.55	0.386
-0.539	-1.21
-0.455	0.494
1.44	1.38
-1.2	0.659
0.731	1.31
-1.39	-1.09
-0.413	0.0554
0.271	0.38
-0.882	1.29
1.29	-1.04
0.299	1.49
-0.754	1.1
-0.0601	2.04
1.42	-0.697
1.12	0.173
-0.783	-1.33
-1.55	-1.6
-1.34	0.146
-1.1	-1.17
0.101	-1.39
-0.484	-1.2
-0.984	1.03
-0.269	0.961
-0.547	1.71
0.494	-1.01
-0.123	1.86
-0.0853	-1.12
1.41	0.607
1.27	-0.159
-0.0373	-1.32
0.433	1.65
-1.03	-0.858
0.69	0.745
0.354	1.06
-1.92	-1.06
-0.541	-0.65
1.38	-1.36
1.29	0.525
-0.836	0.959
-0.247	0.775
0.552	0.942
-0.19	0.168
0.714	-1.19
1.19	0.594
0.428	-1.43
-0.575	-1.62
-1.97	-1.72
-0.0255	-1.3
-0.892	1.02
-0.132	-1.35
-1.85	0.545
-0.491	-0.429
-0.158	0.358
-0.475	-1.02
1.26	-2.39
-0.807	0.992
1.19	0.115
0.439	1.5
1.44	-1.73
0.109	1.65
-0.596	-1.33
1.11	0.431
-0.347	-0.556
1.47	1.39
1.63	-0.56
-1.53	1.21
-1.12	1.1
0.0551	1.34
-0.388	-1.08
0.136	-1.36
-0.79	-0.823
0.646	1.82
-0.468	-0.206
0.735	0.571
-0.777	-1.33
-0.31	1.45
-0.0693	-1.3
-0.162	-0.334
0.724	-0.574
-1.03	0.153
0.385	-0.744
1.23	-0.115
-1.49	0.796
0.0586	-0.133
1.05	-0.362
-0.84	-1.05
0.351	-1.42
-1.34	-0.462
-0.213	0.77
0.523	1.05
-0.665	1.23
1.03	1.55
0.495	1.54
0.582	0.232
0.35	0.889
0.321	1.58
0.155	0.0373
-0.783	0.931
0.153	-0.875
1.08	0.925
0.614	0.908
-0.353	1.98
0.0762	-1.27
0.282	-1.43
0.876	-0.807
-0.685	0.459
0.265	1.4
0.29	0.591
0.662	1.49
-0.689	-1.45
-0.214	-1.27
-0.119	-0.842
-1.84	-1.23
-0.102	-0.306
-0.995	-0.937
-0.479	0.0719
-1.31	0.463
-0.486	-1.62
0.115	-0.443
0.698	0.784
1.09	-1.24
-1.57	-0.401
-0.274	0.489
0.764	1.98
2.41	0.946
-0.348	0.119
1.27	-0.194
-0.22	-1.38
1.08	-1.83
-0.414	-1.28
2.12	1.07
0.22	2.08
0.207	-1.38
-0.519	-1
-0.00634	-1
-0.68	1.68
-1.18	-0.522
0.32	0.282
-0.638	1.32
0.72	-0.154
0.92	-0.717
0.511	-0.773
-0.681	-0.586
1.11	0.205
0.087	-1.28
1.13	-0.541
-0.016	-1.26
-0.439	-0.884
0.424	-0.84
2.25	-1.4
0.139	-0.803
0.488	1.31
-1.04	1.27
1.33	-0.704
-1.23	0.89
-0.329	-0.955
0.174	-1.11
-0.699	0.755
-0.137	-1.16
1.09	-1.1
-0.0172	-1.03
0.269	0.605
0.305	1.63
-1.82	0.904
-0.527	-1.38
0.557	-0.255
-2.41	0.26
-0.514	-1.07
-0.325	-1.32
2.53	1.5
0.471	2.03
0.986	0.843
0.746	0.441
-1.32	0.907
1.33	1.7
1.59	-0.378
0.387	-653e-6
-0.914	-0.919
1.41	0.0907
-0.639	0.522
0.866	1.14
-1.78	-0.491
0.391	-0.0901
-1.27	0.184
-1.08	-0.612
-0.717	0.455
-1.11	0.00172
-1.51	-0.966
-0.862	1.53
0.605	1.86
-0.818	0.654
-0.391	1.1
0.941	-0.254
1.59	1.72
-1.51	-1.16
0.413	0.473
-0.351	-1
1.68	0.113
-0.834	1.48
1.45	-0.507
-0.559	0.0594
1.23	-0.0997
-0.0342	0.145
-0.834	1.41
0.743	-1.01
1.01	1.82
0.191	-1.29
0.0543	-0.967
0.768	-1.25
1.12	0.612
0.424	0.547
1.29	-0.391
-0.612	-1.42
-0.201	0.287
-0.779	1.09
0.44	0.246
0.778	0.952
0.0179	-1.01
-0.216	-1.38
-0.554	-0.38
0.0698	-1.25
-0.869	0.625
-1.53	-1.17
-0.175	-0.909
-1.5	-1.14
0.528	-1.04
1.07	0.61
-0.987	-0.735
-0.468	-1.17
1.77	0.239
0.885	-0.372
2.59	-1.15
1.04	0.285
0.736	1.64
1.23	0.458
-0.137	-1.39
-0.0574	-0.208
-0.496	1.03
-1.04	0.984
0.952	-1.9
-0.21	0.11
-1.95	0.614
1.68	-0.472
-0.866	0.751
0.322	-1.04
-1.71	-0.653
-0.486	-1.53
0.587	-0.311
-0.55	0.236
1.4	-0.874
-0.384	-1.08
0.746	0.991
0.758	-1.45
-0.0468	-0.332
0.698	1.02
-1.53	0.658
-0.162	-1.24
-0.507	0.69
1.41	-1.38
-0.735	-1.19
-0.141	-0.119
1.31	0.628
1.38	-1.02
1.18	-1.19
-0.0785	-1.16
0.844	1.22
0.913	-1.6
-1.04	1.33
-1.1	0.145
-0.244	-1.2
0.0643	-1.28
0.483	-1.23
1.37	1.29
-0.869	0.634
-0.0547	-1.06
0.816	-0.133
-1.49	0.744
-0.813	-0.665
1.6	0.0487
0.742	1.56
1.45	-0.188
-0.791	-1.44
-1.31	0.118
0.0336	0.323
0.308	-1.34
0.856	-1.11
0.532	-0.0431
-0.171	1.68
-0.305	0.247
-0.422	-0.241
0.836	0.849
1.77	0.013
-1.56	0.514
0.137	-0.862
-1.07	-0.017
-1.31	-0.32
-1.33	-0.581
-1.76	-1.58
-0.258	-1.06
-0.253	-0.809
0.395	1.35
-1.39	-0.156
0.446	-1.07
1.52	0.795
1.44	0.898
1.04	0.952
-1.82	-0.847
-1.11	0.276
-1.2	-1.19
0.268	1.14
1.29	-1.19
-0.935	1.02
0.247	-0.96
0.387	1.59
0.247	0.41
0.722	0.153
0.249	-0.451
0.923	0.166
-0.237	-0.0378
1.27	0.496
-1.2	1.43
-1.19	-0.939
0.0209	-0.973
0.637	0.984
0.714	-1.08
-0.215	0.549
0.306	-0.161
0.205	-1.28
1.51	1.52
-0.761	0.373
-0.706	-0.697
-0.383	0.671
-1.11	-0.44
0.496	-0.614
-0.0529	-0.0168
2.09	1.1
-1.28	-1.17
1.44	0.0946
2.06	-0.893
-0.638	-0.752
0.402	-0.39
0.122	0.599
1.42	1.49
-1.55	0.588
0.854	0.0949
-0.268	0.75
-0.57	0.502
-0.381	-0.959
0.236	0.443
0.898	-0.719
-0.432	1.13
1.14	-0.938
0.0935	2.1
0.463	0.935
-0.23	-1.02
0.671	0.181
0.168	1.7
-0.175	0.0644
0.796	0.423
-0.824	-0.471
-0.93	-0.502
-1.06	1.49
0.375	1.27
2.45	1.25
-2.04	0.401
0.0735	-1.01
-0.737	-0.0677
0.848	0.402
0.281	0.343
-1.13	-0.0974
-0.821	-1.44
-0.211	-0.334
-0.364	-1.4
-1.27	-0.673
0.784	1.39
-1.02	0.883
0.833	-0.0565
0.478	1.31
-1.14	-0.245
1.14	0.494
0.667	-1.01
2.17	0.926
-0.129	0.877
-0.581	0.582
0.427	1.77
-0.138	0.425
-1.98	0.875
-0.337	0.559
-0.369	-0.965
0.325	-0.153
-0.232	-0.364
-0.749	1.26
-0.566	1.19
1.33	-0.774
-1.25	-1.47
0.00453	1.47
-1.81	-0.543
-0.307	0.938
-1.18	0.732
-1.68	0.93
-1.52	-1.4
-1.45	-0.701
0.616	1.77
-0.0222	-0.202
0.246	-0.767
-0.763	-0.573
-0.581	-0.182
1.42	-0.0465
-0.139	-1.27
-0.179	0.19
-0.721	1.19
-0.709	-0.942
0.945	0.239
-0.891	0.593
-1.18	0.862
1.3	-0.028
0.576	-0.342
0.0381	0.167
-0.219	-0.195
0.855	0.959
-1.08	-1.17
-0.596	-0.989
-1.41	-0.856
-0.298	-0.243
0.444	1.14
1.01	0.397
1.31	-0.36
1.78	1.19
1.1	0.458
-1.33	-0.647
-1.6	-0.541
-1.2	0.455
1.01	1.57
1.38	0.583
-0.223	1.04
-1	-1.22
0.576	-0.665
-0.394	1.39
-0.573	-0.88
-2.19	0.0991
0.729	1.49
0.308	-0.913
0.661	0.0147
0.515	0.884
1.32	-0.144
-1.05	-0.382
1.46	-0.0465
1.22	-0.159
0.639	-0.815
-0.235	0.352
-2	0.403
-0.158	-1.08
1.71	1.39
0.905	-0.551
-0.0949	-0.821
0.781	1.08
-0.624	1.75
-1.4	1.19
-1.21	0.357
0.123	-1.24
1.01	0.446
-0.666	-1.34
-0.819	-0.943
0.202	-1.17
0.745	0.681
-0.461	-1.07
0.622	-0.546
-1.51	-1.39
1.05	0.409
0.751	0.608
-1.13	0.164
2.33	1.21
0.855	-0.265
-0.0247	-0.765
0.21	-1.26
-1.67	-0.212
-0.394	-0.338
-0.389	-1.2
1.11	1.33
-1.24	0.323
-0.116	-1.23
0.372	1.6
-1.23	-0.806
1.31	-1.72
-0.254	-1.37
-1.15	-0.647
1.21	-1.77
0.00425	1.61
-0.67	1.22
1.57	1.16
-0.241	0.897
1.04	0.93
1.39	0.504
1.96	-0.709
0.978	-1.33
-1.67	-0.00451
-0.529	-1.02
-0.137	1.44
-1.87	-0.78
1.04	-0.24
-1.21	-0.785
0.8	0.662
0.133	2.05
1.34	-1.8
0.175	0.652
1.14	-0.0829
-0.634	1.26
-0.617	-0.792
-1.42	0.728
0.897	0.742
-0.0814	2.18
1.27	1.6
-0.759	0.366
-0.847	-0.896
1.23	-0.785
-0.843	-1.14
0.357	0.647
-1.36	-0.258
0.977	0.597
1.05	-0.467
-0.717	1.23
0.955	-0.0158
1.6	-0.183
-1.21	-0.733
-0.593	1.28
1.14	0.814
-0.597	0.232
0.575	-0.19
-1.34	-0.31
-0.129	-0.061
0.447	0.92
0.377	-0.643
-1.54	0.643
-1.25	-0.689
2.34	1.18
-0.341	1.55
1.27	0.0842
-1.73	0.562
0.957	0.0986
-0.639	-1.04
0.303	-1.35
-0.439	1.37
-0.287	-1.07
1.46	0.651
0.957	-0.786
-0.0107	-0.96
1.21	0.0512
0.105	-1.67
0.786	0.859
-1.08	0.356
0.0909	-1.39
-1.34	0.805
-0.647	1.08
1.17	-1.4
-0.811	-1.35
-0.961	-0.102
-0.968	-0.226
-0.322	0.535
-1.26	-0.515
0.62	-0.986
-2.32	0.0861
1.21	1.31
0.196	1.08
1.45	1.33
0.137	-0.247
-0.974	-1.43
-0.335	-1.69
-0.0999	1.97
0.272	0.813
0.56	1.18
-0.0527	-0.746
-0.188	-0.998
-0.369	0.692
-0.226	-1.06
0.458	-0.709
-1.26	-0.912
-1.33	-0.392
-0.621	1.52
-0.753	1.1
-0.435	-1.08
0.328	1.28
0.227	1.71
-0.715	0.0859
0.81	1.93
0.364	1.98
0.624	1.1
0.922	0.93
-0.416	-0.941
-1.37	0.968
0.269	1.62
0.353	1.58
0.11	0.553
1.49	0.385
0.571	-1.53
0.171	1.59
0.409	-0.0572
1.93	-0.842
0.907	0.191
0.0413	0.345
0.484	-1.3
-0.0305	-1.09
1	-0.0897
1.09	0.299
-0.543	-0.0204
0.659	0.913
-0.542	-0.739
-1.02	1.53
-1.63	0.293
1.49	0.627
-0.583	-1.05
-0.807	1.12
-0.683	1.38
0.0734	-0.162
0.388	1.64
0.874	1.79
0.584	0.679
1.42	0.374
-0.779	0.676
0.678	0.335
0.204	-1.06
1.43	0.498
-0.779	-1.2
-1.3	0.577
1.03	0.0331
-0.532	-1.17
0.119	-1.28
1.53	-1.05
-0.481	-0.904
0.858	0.399
0.126	0.819
-0.88	-1.27
0.145	-0.626
0.534	1.86
2.03	1.1
-0.546	0.442
1.42	1.8
1.41	-2.09
-0.566	-0.563
-0.973	0.495
0.932	1.43
0.472	1.37
0.74	0.053
-0.214	1.76
-0.53	-0.944
-0.936	-1.5
0.37	-0.0513
0.695	0.651
0.88	0.275
-0.563	-0.164
1.27	-0.675
-1.32	-0.146
1.7	-0.489
0.832	0.442
0.561	1.74
0.617	1.11
-1.41	1.14
1.71	-0.225
0.473	0.339
-0.855	1.44
-1.72	-0.41
0.18	-0.0627
0.712	0.837
0.211	1.71
-0.755	-0.759
0.661	1.2
0.902	0.947
0.544	-0.842
1.67	0.974
-0.0571	-1.5
-1.61	-0.39
-0.261	-1.27
1.8	1.53
0.134	-1.18
-0.279	-1.06
0.405	-0.555
-1.64	-0.562
-0.146	1.83
0.499	-1.17
-0.171	-1.09
-0.175	-0.946
1.54	-0.336
1.33	0.406
0.833	0.653
0.69	1.57
-0.542	0.918
1.19	-0.319
1.73	1.26
-2.01	0.439
0.316	1.43
0.933	0.711
2.43	0.869
-0.472	-1.16
-1.17	0.126
2.22	-2.04
1.07	0.438
-0.125	0.521
0.857	0.875
0.569	-0.858
0.646	-0.932
-0.983	1.1
-0.829	1.06
0.22	-0.867
-2.09	-1.22
-1.64	-0.962
0.0604	1.64
1.62	-1.16
-0.021	-1.09
-1.11	-0.653
1.13	-0.0116
-0.838	-1.17
0.102	-1.03
0.576	-1.05
0.635	1.67
0.336	0.611
0.32	-0.998
-1.58	-1.61
-0.129	-1.69
-0.249	0.505
-0.986	-1.27
0.335	-0.483
0.133	-0.568
1.08	-1.02
-0.486	-0.887
2.08	1.35
0.638	1.11
0.0965	-1.1
1.03	-0.382
-0.705	0.129
1.35	1.1
-0.1	-1.05
0.431	-1.56
-1.37	-0.123
-0.995	-0.832
-0.981	-1.04
-1.9	-1.32
0.982	-0.452
-0.494	-0.719
0.995	0.502
-0.507	0.357
0.0853	0.789
-0.0659	-1.33
-1.51	-0.276
-1.03	0.681
1.19	-1.25
-1.49	0.228
0.409	1.76
-0.606	-0.129
1.18	0.597
0.108	-0.304
0.418	-0.897
0.381	1.55
-0.951	-1.3
-0.119	2.06
1.14	0.148
1.31	1.62
0.724	0.417
-0.107	-0.232
-1.57	0.905
-0.214	1.58
-0.212	-0.155
-0.0683	-0.404
-0.951	-1.33
0.533	0.541
-1.36	0.887
0.98	-0.832
-1.29	1.52
1.08	-817e-6
-0.147	1.85
-0.135	0.0707
0.318	-0.87
0.632	1.74
-1.43	1.25
-0.499	-1.31
0.296	1.51
0.416	0.1
-0.337	1.48
-1.3	-0.829
-0.0299	0.617
-1.78	-0.843
0.314	-1.25
-0.801	1.78
0.0984	0.629
-1.68	-0.528
0.423	0.598
0.00295	-0.125
-0.528	-1.23
0.17	-0.719
0.202	-1.37
0.535	1.99
-0.491	1.22
-1.33	-0.276
0.595	0.546
-0.219	0.524
0.0182	1.68
-0.907	0.416
1.86	-0.36
-0.733	-1.34
-1.39	-0.322
0.0578	-1.32
-1.7	0.869
-0.166	0.165
-0.8	-1.38
-1.02	-0.146
-0.145	-1.39
-0.439	0.331
0.136	1.46
-0.669	0.51
-1.49	-0.0266
0.386	-0.997
0.812	-0.15
-0.303	-0.883
-0.621	1.16
-2.04	-0.978
-0.772	0.933
-1.06	-0.86
0.0914	0.493
-1.17	0.222
0.553	-0.159
0.759	0.0328
-1.04	-1.24
0.974	-0.951
0.33	-1.48
0.105	1.77
-1.02	-0.305
-0.635	1.94
0.44	1.16
-0.97	-1.6
2.22	1.31
-1.18	-0.122
1.46	0.0665
0.219	1.59
1.09	0.812
1.15	1.68
0.955	-0.23
-0.103	0.0369
0.619	1.65
-1.43	-0.357
-0.765	-1.13
-0.664	1.18
-1.09	0.289
-0.766	1.06
-0.436	0.821
0.6	-0.38
-0.124	0.181
1.03	-0.0835
-1.71	-1.27
-1.46	-0.179
1.34	1.37
1.47	0.574
0.716	0.487
0.0337	-1.13
-0.432	-1.34
0.344	1.49
1.29	-0.151
1.85	-0.558
0.0319	1.39
1.95	1.09
-0.839	0.111
-0.956	-0.77
1.08	0.839
0.0624	-1.05
-1.06	-1.24
-0.366	-1.52
-1.63	-0.363
1.05	1.07
-0.47	-1.12
-1.45	0.377
-1.56	-1.05
0.912	2.1
1.61	0.582
0.208	-1.21
0.929	-0.902
-1.66	-1.52
-1.85	-0.347
-1.02	-0.0308
0.569	-0.538
1.43	-0.366
1.47	-0.0578
0.154	0.629
-1.59	0.176
0.801	1.14
-1.5	-0.829
0.271	0.0595
0.188	0.914
-0.386	1.5
1.02	0.0541
0.82	-0.514
0.804	0.6
-1.38	-1.11
-1.01	-0.155
0.683	1.6
-1.62	-0.896
-0.00515	1.75
-1.42	-1.28
-1.8	-1.26
-1.76	-0.632
-0.0958	-1.66
-0.473	-1.55
-0.316	-1.36
-0.899	-1.25
-0.236	-1.54
0.546	-1.12
1.16	-1.3
0.00921	-0.00839
1.63	-0.43
-0.826	0.682
0.371	-1.23
-0.821	-0.855
0.309	-1.03
-0.912	-0.484
0.365	0.632
1.15	-1.69
-0.714	-1.36
-0.467	1.3
0.177	-1.07
0.589	0.557
-1.85	-0.35
0.676	0.892
-1.49	-0.498
-1.28	0.72
0.166	-1.25
0.448	0.71
-1.9	-1.46
-0.922	0.533
0.307	0.12
0.328	0.553
-0.847	-0.871
1.08	0.437
0.173	-0.428
-0.818	-0.69
-0.583	-0.743
-0.768	-0.0166
-2.04	0.131
-1.16	-1.01
0.995	0.131
1.32	-0.616
0.993	0.397
-0.606	3.19
0.811	0.00911
-0.462	-0.707
0.304	-0.00393
-1.94	0.598
-0.372	1.54
0.341	-1.43
-0.78	-0.43
0.247	-0.233
-0.561	0.473
-0.524	-1.09
-1.99	-0.912
-2	-0.0624
0.554	1.19
0.899	1.4
0.794	1.01
0.417	0.348
-0.597	-1.6
1.71	-0.289
-0.461	0.343
-1.02	-0.469
-0.434	1.98
-0.299	-1.4
-1.67	-0.875
-0.192	1.04
0.108	-0.769
-0.58	1.34
-1.17	-0.95
-0.124	-0.95
0.283	-1.56
0.418	-0.711
1.2	0.286
0.295	-0.273
-1.37	-0.904
0.0175	1.47
1.64	0.513
0.557	1.38
-0.878	0.659
0.254	2.42
0.961	0.454
-0.994	0.192
-1.07	-0.622
1.95	1.53
0.281	-0.4
1.29	0.283
0.586	-0.273
-0.0272	1.86
-1.65	-0.0692
1.22	-0.345
-1.53	0.132
-1.51	-0.248
-1.2	-1.04
0.299	1.52
-0.687	1.01
0.479	-0.821
1.08	-0.133
-0.888	-1.59
-1.52	0.497
0.198	-1.41
-0.211	-0.492
0.0647	-1.22
-1.28	-1.07
-0.0779	-0.967
0.369	1.69
-0.826	-0.966
-0.394	1.6
1.2	-0.68
0.942	1.89
-0.817	-1.11
0.405	1.93
0.666	-1.52
0.152	-0.964
-0.82	-0.76
0.72	-0.316
-0.201	0.596
-0.594	-1.21
-1.07	0.0456
1.05	0.397
-1.12	-1.2
1.5	-0.38
-2.06	-1.23
0.785	0.158
0.867	-1.19
0.624	-1.31
-0.509	-0.932
-0.565	-0.853
0.0662	1.62
0.0852	-0.852
0.399	-1.48
1.27	0.433
-0.441	-1.45
1	0.285
-1.01	-1.47
0.873	-1.03
-0.144	-1.03
1.25	-1.62
-0.149	0.816
0.893	0.691
-0.136	-1.41
0.569	1.44
-1.93	-0.0856
-0.625	1.65
-1.16	-0.285
-0.903	-0.988
0.486	1.05
-0.0145	-1.15
-0.678	-1.32
1.29	-0.499
-0.116	1.26
1.1	-0.374
1.06	0.913
0.19	0.969
-0.487	-1.19
-1.79	-1.46
-0.0388	-0.984
0.893	-0.327
1.38	-0.244
1.01	-1.12
-1.58	-0.352
1.52	-1.12
0.136	-1.49
0.538	-1.39
-0.503	1.35
-0.991	0.114
0.675	-1.53
-0.581	-1.34
-1.38	-1.08
-0.298	-0.823
0.0919	-0.154
-1.01	1.21
-1.89	-0.418
2.22	1.18
0.0608	-1.23
0.677	1.03
0.641	1.72
-0.539	0.648
0.934	0.358
0.0105	-1.26
-0.86	-1.27
0.883	-1
2.32	1.3
-0.566	-1.62
-1.25	-1.14
2.69	1.12
-0.529	-1.22
1.39	1.52
1.21	-0.132
0.126	-1.08
-0.967	1.22
-0.121	-0.498
1.4	0.43
0.994	0.348
-0.193	-0.288
-0.545	-1.31
1.06	-0.232
1.06	0.763
0.646	1.23
0.673	1.07
-0.512	-0.954
-0.701	1.17
-0.957	0.848
-0.676	0.797
1.47	-0.0839
0.514	0.715
-0.451	-1.34
-0.484	0.615
1.17	0.868
1.2	0.318
-0.795	0.276
-689e-6	2
-2.06	-0.332
1.42	-1.1
1.07	0.646
-0.285	1.39
0.0524	-0.853
1.81	-0.0547
-0.379	0.638
-1.14	1.16
0.878	-0.856
-1.08	1.19
0.13	-0.469
0.224	1.57
2.13	1.16
-0.604	-1.2
-0.109	-1.32
0.0803	-1.15
0.383	-0.987
0.799	-0.834
0.866	0.612
0.897	0.294
2.46	1.21
-0.267	1.37
2.04	-0.462
-1.17	-0.556
-1.49	0.555
1.08	-1.76
2.03	0.984
1.17	1.28
-0.448	0.91
1.07	0.573
1.05	0.776
1.2	0.0691
-0.973	0.712
0.0399	-1.28
-0.522	0.206
1.46	-1.61
-0.912	1.34
-0.375	-1.39
-0.117	1.47
0.388	0.863
-1.53	0.0251
1.38	1.27
0.237	-1.26
1.63	-2.16
-0.148	1.6
0.159	0.586
0.262	-0.538
-1.83	-0.964
-1.65	-0.731
0.737	-0.183
0.711	0.787
0.953	1.14
-0.284	-1.02
1.47	-1.29
-0.89	-1.18
1.7	0.157
-0.451	0.723
-0.499	-0.858
-0.515	0.625
1.16	0.776
-1.55	-0.132
-0.325	0.388
0.372	-0.809
0.335	1.99
-0.595	0.625
-1.03	-0.95
0.452	1.95
0.656	1.25
-0.872	-0.461
0.425	0.0454
-1.24	0.788
0.524	0.283
0.83	0.692
0.347	-0.242
1.29	0.622
-0.106	0.552
-0.353	-0.836
-1.28	-0.00494
-0.172	-0.676
0.303	-1.18
0.455	-0.869
-0.964	-1.17
-1.85	-0.467
0.632	1.45
0.552	-0.199
2.14	-0.453
-0.688	0.709
-0.0708	0.439
0.177	-1.37
-0.135	0.136
-0.288	0.385
-0.974	-0.818
-0.511	-0.734
0.449	0.648
-1.51	-0.193
0.565	1.56
1.19	0.19
-1.13	-0.622
0.651	-1.08
-0.542	1.12
1.57	0.171
1.09	-0.538
-0.399	1.3
1.36	-1.06
0.614	-0.705
0.823	-0.248
0.894	-0.992
-0.731	-0.906
0.017	-1.26
-0.487	-1.13
-1.03	0.277
0.816	0.762
1.03	1.61
0.889	-0.566
1.2	-0.944
-0.375	1.36
1.46	1.69
0.587	0.322
0.985	1.16
1.11	-0.476
1.18	-0.789
0.386	1.92
-1.29	-1.03
0.921	0.3
-0.835	-1.04
-1.04	-1.42
-0.356	-1.16
0.74	0.203
-0.879	-0.975
-0.603	1.3
-1.05	-0.4
-0.501	-1.43
0.501	0.0251
-0.55	-1.07
0.133	2.04
1.5	0.541
-0.741	0.979
0.764	0.381
1.02	-0.549
1.23	2.19
0.4	-1.39
-0.167	-0.633
0.995	-1.63
0.422	2.33
0.45	1.6
0.115	1.41
0.00914	0.431
-0.992	1.4
-0.95	0.144
0.297	-1.11
0.953	0.719
-0.683	0.419
0.44	-0.778
-0.785	-1.11
0.182	-0.0823
1.32	-1.23
-0.762	-1.11
0.977	-1.01
0.395	-1.04
-1.16	1.03
0.786	0.945
-0.0267	-1.09
-1.39	1.09
1.88	-0.141
-1.81	0.0758
-0.0931	1.52
-0.0677	-0.394
-0.544	-0.773
0.175	-0.345
-1.07	-0.456
0.534	-0.763
-0.737	-0.617
-0.291	-0.858
-0.753	-1.25
0.875	1.82
0.518	1.41
0.0526	-1.31
-0.0198	-1.22
0.28	0.429
1.19	-1.33
-0.926	0.694
1.3	-1.28
1.46	-1.32
0.475	-0.381
0.685	0.546
-1.33	-0.0457
-0.943	-1.26
0.226	-1.02
0.971	0.64
0.49	-0.0477
-0.343	-1.39
0.301	-0.928
0.343	-1.14
-0.625	-1.14
2.2	0.935
-0.429	1.13
-0.761	-1.44
-0.409	0.349
1.07	-1.38
0.209	-0.455
0.521	0.375
0.575	1.42
-1.23	-1.15
1.11	0.989
-0.595	1.09
1.2	0.361
-0.629	0.809
1.15	-1.01
0.238	-0.551
-1.02	0.409
-0.0743	-1.38
0.393	1.64
-0.126	-1.67
1.14	-1.57
-1.82	-0.665
0.636	0.756
-1.14	0.915
-1.2	0.4
1.57	-0.0786
0.196	-1.71
-1.42	0.275
1.89	-0.243
-1.64	0.767
1.1	-0.364
-0.113	0.626
-0.48	0.0507
-0.415	-1.3
1.28	-0.341
0.399	-0.594
1.01	-0.205
-0.4	-1.37
-0.239	-0.619
-1.53	-1.72
0.0745	-0.607
1.53	0.0838
2.75	1.47
0.26	-1.17
1.08	1.03
-0.239	-1.17
1.09	1.21
-1.19	-1
1.29	-0.12
0.844	-0.402
0.224	1.75
-1.42	1.13
1.31	-1.08
-0.275	1.52
0.948	1.41
-0.999	0.906
-1.63	0.279
1.13	1.51
1.24	0.809
0.0941	1.44
-0.636	1.72
-1.26	-0.457
0.249	-1.46
-1.02	0.675
-1.77	1.01
-0.292	1.32
0.391	-1.42
0.377	1.72
-0.826	-1.67
-0.528	0.296
-0.00835	1.76
1.64	-0.152
0.317	-1.13
1	-0.0347
-2	-2.1
0.0394	-1.35
-0.633	-1.18
0.0927	-1.02
-0.389	-1.32
0.83	1.67
1.12	1.01
0.176	1.23
0.991	0.594
-0.0545	-1.45
0.927	-1.12
-1.78	0.819
-0.0207	-1.14
0.915	0.611
-2.98	-0.16
-1.81	-1.21
-0.0982	0.395
0.98	0.766
0.47	-0.765
1.41	0.9
-1.55	1.05
-1.53	0.39
0.621	1.48
0.47	1.21
0.805	1.21
-1.4	-0.386
-2.14	-1.59
0.974	0.898
-1.16	-0.641
0.947	-0.888
1.52	-0.85
0.39	-1.2
-1.82	-0.899
-1.42	-0.617
-0.927	-0.406
0.64	1.35
-0.2	-1.02
-0.0611	-1.4
-1.06	0.181
1.22	0.541
-0.56	1.06
1.79	-0.834
0.362	1.59
2.55	1.4
-0.248	0.514
-0.908	1.26
1.91	1.37
-1.35	-0.688
-0.0906	2.01
0.409	0.212
-0.69	-1.33
-1.51	0.213
0.923	1.54
-0.687	-0.458
-0.928	1.55
1.01	-0.935
-0.44	1.22
0.921	1.12
-1.65	-2.05
-1.57	-0.772
2.32	1.32
-0.64	-0.238
1.21	-0.271
0.484	1.04
1.26	-0.25
-0.659	-1.27
0.0558	1.88
-1.7	-0.087
0.739	0.673
0.67	0.784
0.592	0.235
-1.64	-1.91
-1.74	-0.521
-2.1	-1.06
0.487	1.33
-0.772	-1.38
-0.856	-0.664
0.0844	1.72
-0.792	-0.132
-0.954	0.848
-1.39	-1.35
1.4	0.855
1.3	1.04
0.299	-0.819
-1.1	-1.13
1.03	-1.12
-1.3	-0.811
-0.178	-1.15
2.05	-0.105
-1.38	0.0973
-1.01	-1.23
0.534	2.15
0.388	-0.0851
0.484	1.04
0.646	0.778
-1.3	0.867
-1.38	-0.149
-1.02	0.849
0.0971	1.58
0.606	1.77
0.129	1.52
0.689	-0.506
-0.811	-1.15
0.318	1.82
1.89	1.34
0.326	1.45
-0.655	-1.44
1.85	1.61
1.15	1.49
0.261	0.214
-0.108	-0.793
-1.08	-1.39
0.342	-0.701
-0.0615	0.299
0.905	-0.994
0.318	0.621
0.851	0.598
-0.66	1.41
0.908	0.127
1.18	1.36
0.999	0.811
-1.04	-0.0359
-0.492	0.124
0.409	-1.15
1.31	0.936
1.23	-1.4
-1.82	-1.78
-0.0723	-0.428
-0.0681	-1.24
-0.96	0.644
0.974	-1.47
0.0292	-1.21
-0.852	1.32
-0.777	1.22
-0.379	-1.6
0.896	0.363
2.59	1.16
-0.489	-1.13
-1.12	-0.297
1.03	0.766
-0.621	0.425
-0.537	-0.223
1.85	-0.377
-0.0434	-0.442
0.856	0.669
-0.219	0.128
1.28	-0.588
-0.999	1.2
-0.834	-1.36
0.3	-1.18
1.05	-1.05
-0.0203	-1.42
-0.157	1.84
0.208	-0.427
-0.21	1.35
-1.51	-0.196
1.46	-0.14
-0.78	-1.52
-0.00816	-1.38
-0.591	-1.08
-0.0202	-1.26
0.288	1.62
-1.51	0.384
-1.15	-0.508
0.245	-0.681
0.757	-0.208
-0.242	-1.47
1.01	1.21
0.651	0.744
1.4	0.746
0.0426	-1.18
-1.67	0.809
-0.232	0.626
-1.74	-1.83
-0.31	-1.27
0.0968	0.589
-0.202	1.64
0.15	0.442
-0.82	-1.04
-0.804	0.687
0.148	1.26
0.832	-1.29
0.577	0.628
-1.19	-1.14
1.63	-0.539
0.289	0.598
-0.679	0.536
-1.78	-1.07
0.277	-0.324
-0.128	-1.14
0.613	-0.211
0.468	0.986
0.295	-1.36
0.563	0.661
0.407	1.8
-0.744	-0.415
0.203	0.617
0.0169	-1.22
-0.295	-1.22
-1.01	-1.65
0.851	0.95
1.49	1.59
-0.658	0.554
-1.29	-1.14
-1.61	-0.364
-0.738	1.01
-1.45	-0.0697
-1.5	-0.39
-1.1	-1.24
-0.921	0.894
-0.0633	-0.699
0.31	0.57
1.12	-0.422
-1.08	0.989
0.686	1.2
-0.135	-1.12
-0.243	1.76
0.812	-0.751
0.477	0.791
-0.838	0.644
-0.711	-1.13
-0.269	-1.47
1.18	-0.917
1.03	-0.209
-0.599	-0.521
1.26	-1.57
-1.2	0.92
0.0538	-1.01
0.247	-1.28
-1.37	0.15
1.21	0.197
-0.431	-0.346
1.93	0.165
0.883	0.106
-0.206	-0.0207
1.24	0.608
0.262	-1.16
1.02	0.72
-0.384	-0.397
-0.803	-1.21
0.677	0.964
-0.148	-1.37
0.355	2.08
-0.811	-1.21
1.16	0.598
-1.05	-0.832
-0.326	0.168
-0.372	-1.38
1.13	1.38
0.331	0.185
1.67	-1.77
-0.00621	1.56
0.166	-0.33
0.847	-0.61
0.68	0.739
-0.411	-1.41
-0.917	-1.08
0.956	0.558
-2.11	-1.51
-0.0791	-1.38
0.329	1.11
0.0545	2
0.451	-1.23
-1.44	-0.775
0.841	-0.0776
0.829	1.56
-1.64	-0.121
0.0291	-1.12
0.823	1.04
-1.55	-0.744
0.196	-0.779
1.16	0.654
0.35	1.22
0.487	1.45
0.811	-1.65
-1.53	-0.665
-1.39	-0.118
-2.13	0.678
-1.8	-1.62
-0.182	-1.54
0.569	0.481
-0.463	-1.01
0.311	1.68
0.923	-1.02
0.388	1.72
1.52	0.356
-1.03	1.31
0.637	1.55
-0.122	-1.14
0.258	-0.85
-0.581	1.36
-1.78	-0.582
1.09	0.6
1.17	0.426
-0.419	1.4
0.932	0.501
-0.132	0.954
-2.04	-0.584
0.218	1.32
0.747	-1.05
1.32	-0.311
-0.72	-1.39
1.44	-0.0447
2.03	1.32
-0.654	-1.02
-1.66	0.835
-0.515	0.976
-0.851	0.405
-0.231	-0.75
0.271	-1.28
-0.335	-0.81
0.981	0.26
-1.25	-0.576
-0.849	-0.187
-0.483	1.16
0.472	0.0979
0.247	-0.9
-0.651	-0.159
-0.278	-1.32
1.43	0.57
-0.473	0.085
0.251	0.171
-1.77	0.457
1.03	0.252
-0.552	-1.18
0.91	0.665
-0.431	1.21
1.41	0.258
-0.579	0.79
-0.383	-1.04
-0.833	-1.23
-2.13	-0.347
-0.975	0.725
0.139	-0.762
-0.847	-0.213
-0.106	-1.14
1.22	-0.106
-0.555	-1.02
-0.851	0.681
-0.401	-1.17
-0.11	-0.372
-0.425	0.996
1.22	-0.607
0.707	0.948
0.101	1.93
-0.316	0.177
-1.06	0.665
-0.896	0.207
-0.381	1.41
0.915	-1.27
1.24	0.31
2.44	1.37
-0.0819	1.64
-1.48	0.74
0.4	1.68
1.25	1.2
-0.957	1
-0.153	-1.15
-1.98	0.345
-0.675	1.18
-1.39	-0.474
-1.07	0.256
-0.357	-0.944
-0.35	-1.49
-0.747	-0.72
0.84	-0.176
-1.5	-1.22
-0.294	-1.54
1.22	-1.58
2.25	1.21
0.75	1.92
-0.472	-0.0198
0.833	-0.593
0.423	1.74
-1.49	0.738
-0.855	-1.33
0.325	-0.0325
0.0526	1.42
1.72	-0.793
-1.43	-0.546
0.427	1.99
-1.48	-1.23
-1.19	-0.638
-1.07	0.00513
1.98	0.417
-0.264	0.0571
-0.0143	1.55
0.408	0.0179
-0.952	432e-6
0.667	1.92
-0.945	-0.639
-0.387	0.104
-0.633	-0.698
-0.583	-1.35
-0.692	0.759
-0.935	0.321
0.544	1.22
0.0745	1.78
0.465	0.283
-0.987	-0.814
1.24	0.79
-0.427	-0.485
0.708	0.961
-0.502	1.84
1.32	-0.331
0.454	1.48
0.321	0.299
-1.92	-1.5
-1.33	0.719
-0.803	1.25
-0.265	1.28
-1.59	0.913
-1.23	-0.703
-1.46	1.2
1.44	0.358
1.07	0.441
-0.139	-1.26
-0.632	1.35
-0.949	1
2.34	1.16
-0.0753	0.267
-0.179	-0.0492
1.8	1.32
-0.142	0.231
1.19	-0.278
-0.924	-0.102
1.35	0.472
0.151	0.322
-0.616	0.413
-0.779	-1.04
0.347	0.414
0.745	0.366
-0.0187	-1.55
0.168	-1.06
-2.6	0.217
-0.228	-1.06
-1.06	-0.881
0.325	0.213
0.926	-1.17
0.479	1.48
0.0109	-0.378
-0.445	-1.24
0.89	0.864
-0.115	-0.719
1.05	-0.96
1.21	0.227
0.105	-0.208
0.514	1.52
-0.644	-0.78
0.63	-1.23
0.558	-1.06
-1.57	0.679
0.962	0.851
-0.588	-1.35
1.08	0.378
1.96	1.31
-0.0685	0.931
-0.0253	0.0742
0.552	-0.244
0.95	-0.0297
-0.298	0.158
-0.279	-1.25
1.05	-0.23
1.27	-0.573
-0.292	-0.224
-0.174	-0.478
1.72	-0.471
-0.862	1.01
-0.383	-1.26
-0.953	1.06
-1.24	1.14
-1.11	1.1
-1.58	0.272
-1.66	0.75
-0.364	1.7
-1.4	-0.107
0.171	2.11
-1.75	0.318
-0.99	0.231
1.2	-0.778
0.57	1.42
0.802	1.21
1.25	-0.202
0.941	1.16
-0.163	-0.759
1.36	0.86
1.25	0.555
1.18	0.204
-0.459	-1.11
1.66	0.239
-1.05	0.966
-0.334	1.63
-0.593	-1.58
-0.974	1.05
-1.96	0.445
0.361	0.931
1.35	-0.461
0.0727	-1.46
-0.956	-1.61
2.34	1.64
-1.45	-0.167
-1.83	-0.746
-0.971	-0.906
-0.813	-1.23
0.482	-0.653
-0.14	-0.694
0.56	-1.02
-0.693	1.28
0.358	-0.887
1.8	1.36
-0.666	-1.1
-0.239	-1.42
1.14	-0.286
-0.315	-1.3
-0.153	1.97
0.589	0.714
2.47	1.12
0.605	1.28
-1.21	1.19
-0.704	1.46
-0.724	-0.973
-1.67	0.672
-0.0939	1.68
0.097	-0.593
-1.8	-1.71
-1.49	0.415
-0.722	1.19
0.407	-0.94
0.463	-1.28
0.185	0.261
1.97	1.41
-0.246	-0.739
-0.889	-0.417
1.19	0.554
-1.8	0.676
0.291	1.34
-0.267	-0.896
-0.59	-0.328
0.0885	-1.22
-1.42	0.624
0.66	0.835
2.43	1.31
0.217	-0.961
-0.877	0.263
-0.899	0.0621
-0.141	-0.797
-0.784	1.81
0.104	-1.04
-0.973	-0.126
-0.278	-1.09
-0.914	-0.522
0.238	1.74
-1.84	0.0932
1.64	1.53
-0.19	-1.42
-0.508	-1.7
0.187	-1.02
0.16	0.189
-1.71	-0.319
0.793	0.836
0.383	-0.824
-0.0697	1.56
-1.64	-1.05
-0.739	-0.066
1.22	-1.46
1.48	1.01
-0.876	0.232
1.75	0.016
-0.048	-1.06
0.316	-0.601
-1.87	-1
-0.769	-1.46
-1.53	0.656
1.29	0.337
0.403	0.0297
-1.31	-1.11
1.31	-1.81
0.617	-0.585
0.713	0.948
0.994	0.0734
-0.345	0.376
-0.84	-1.16
0.515	2.21
1.37	-0.8
-0.197	0.544
0.913	-0.374
1.18	-0.277
0.834	-0.177
-0.874	0.719
1.09	-0.384
-0.972	-1.08
-0.85	0.963
1.21	0.306
0.933	0.716
1.66	0.243
1.75	1.33
1.58	0.206
0.415	0.986
0.0128	1.29
-1.45	-0.0461
0.928	-0.102
0.834	0.925
0.824	-0.673
-0.0275	-0.582
1.19	-1.67
1.34	0.32
-0.0839	1
2.42	1.5
0.39	1.27
-0.341	0.0621
0.265	-1.06
-1.78	-0.572
0.2	-0.609
-1.51	0.348
0.0311	-0.978
0.586	0.402
-0.0264	-0.952
-1.19	1.23
-1.19	-1.32
-0.534	1.15
0.418	0.616
0.0194	-1.13
0.83	-0.939
-1.37	-0.213
-0.652	-1.54
-0.453	-0.0737
-0.835	0.671
-3.09	-0.832
-0.598	-1.38
-0.0215	0.704
-0.00124	-0.938
-0.145	0.471
0.633	0.901
-0.77	0.637
-0.756	-0.943
-1.02	0.968
-0.637	0.942
-0.0254	-0.79
-0.494	-1.22
1.09	-0.643
0.366	0.164
0.595	0.677
-0.132	1.68
1.32	0.376
1.09	0.614
-0.26	1.36
-0.467	-0.945
-1.6	-0.0414
1.23	-2.2
1.93	1.41
1.87	1.13
0.785	-0.601
1.8	0.757
-0.369	-1.14
-0.376	1.33
-1.43	0.245
-0.96	1.34
1.22	0.423
0.0951	-1.39
0.439	-1.09
0.886	-0.292
1.22	0.834
1.12	-1.72
-1.3	1.16
0.675	0.667
0.456	0.278
-0.815	1.18
1.72	-0.259
-0.497	-1.29
-1.17	0.564
0.0786	1.63
-0.64	-0.939
0.264	-0.605
-0.222	0.156
725e-6	-0.0366
1.1	1.38
-0.865	-1.1
1.32	-1.48
-1.51	0.481
0.518	1.7
-0.845	-0.00258
0.00273	-0.973
0.635	0.559
1.27	-0.685
1.03	0.28
-0.964	0.108
-0.132	-1.37
-0.186	-0.0925
0.0585	-0.378
-0.0876	0.255
-0.56	-1.12
1.47	-2.05
0.113	0.462
-0.0189	-1.28
0.378	0.987
-1.32	0.516
-1.07	-0.306
1.49	-0.886
-0.138	-1.37
-1.7	-1.16
0.598	0.133
1.74	0.577
1.71	0.569
-0.973	0.107
-1.48	-0.297
1.19	0.812
-0.607	-0.894
-1.02	-1.29
-1.31	-0.627
-1.02	0.521
0.752	1.58
-0.0666	0.0656
0.615	0.375
-0.142	1.65
0.335	1.95
1.22	0.247
-0.245	-1.18
0.409	-1.51
-1.3	-1.08
0.505	1.45
-1.19	-0.976
0.388	0.484
1.06	-0.453
-0.911	-0.908
1.11	0.428
0.903	-0.339
-0.815	0.334
1.35	-0.387
0.185	0.617
-1.96	-0.942
-1.08	-0.952
-1.67	-0.266
-0.856	-0.235
-0.918	1.44
1.24	1.45
1.41	-0.447
0.177	0.731
0.0886	-0.844
0.604	0.555
-0.394	-0.253
0.319	1.61
-0.808	-1.5
-0.44	0.298
-0.634	1.08
0.0116	-1.09
-0.651	-0.103
0.0605	2.06
-1.04	0.937
2.62	1.12
-0.499	-0.241
-1.46	-0.108
1.01	0.677
0.627	0.234
-0.436	1.45
0.0165	-0.639
1.42	-0.656
-1.23	-1.3
1.35	-0.177
1.77	1.59
-1.79	-0.0728
-0.26	-1.23
-0.259	1.52
1.27	-0.747
-2.07	-0.521
0.477	1.83
-0.195	1.31
1.22	1.04
-1.44	0.0919
-0.784	-0.00647
-1.55	0.121
-0.236	1.44
1.24	-0.687
-2.84	-0.177
-0.767	-1.3
1.14	0.376
1.05	-0.723
0.814	0.817
-1.26	-0.119
1.41	1.63
0.933	-1.24
-1.14	0.0337
0.85	0.726
0.624	0.621
1.59	-0.0963
-1.8	-1.25
0.00356	1.87
0.178	-1.24
1.18	0.334
0.91	0.864
0.145	-0.415
1.26	-0.553
-0.187	-0.267
0.769	0.855
-1.31	-1.16
1.08	0.148
-1.25	0.857
-0.0656	1.24
-1.82	-0.705
1.53	-1.81
-0.177	-1.12
-1.03	-0.357
-1.68	0.398
0.389	-0.804
0.272	-1.12
0.846	1.87
-0.0686	1.72
-0.102	-1.31
0.168	1.97
0.538	-1.25
0.677	0.108
1.23	-0.146
0.73	-0.99
1.7	-0.0336
-0.968	0.348
2.51	0.901
0.643	-0.403
-0.877	-1.08
-0.975	-0.273
0.321	0.393
-1.24	-0.0104
-0.509	-0.824
0.0817	0.418
1.95	0.902
1.68	-0.32
-0.67	-0.55
-0.33	0.301
-0.736	0.683
0.235	-1.06
-0.59	-1.23
1.08	0.72
0.527	-1.13
0.71	1.7
0.0243	-0.719
0.207	0.65
1.57	0.483
1.02	-0.351
-0.21	0.171
0.88	-0.241
-1.08	-0.868
-1.52	0.246
-0.834	-1.19
1.29	0.23
1.02	0.976
-0.241	0.774
-0.451	1.7
-0.506	-1.2
1.35	0.657
-1.93	-0.315
1.21	-0.774
0.82	1.83
-2.05	-1.93
1.3	0.739
0.832	1.33
-0.959	0.41
0.432	0.749
2.12	0.978
1.54	-0.193
-0.0454	1.75
-1.86	-1.3
0.464	-0.792
-0.539	-1.39
1.21	-0.873
1.56	-0.177
0.292	-0.159
0.445	-1.38
2.68	1.17
-0.463	0.0231
-0.951	1.39
0.572	-0.812
-0.114	-0.147
0.477	-1.24
-0.254	-1.27
-0.449	1.04
-0.311	-1.07
0.566	-0.977
1.47	0.486
1.37	1.45
-0.543	762e-7
-1.4	0.261
-1.53	-0.466
0.26	-0.54
1.96	1.28
-0.707	-1.43
-2.1	-0.604
0.721	0.731
-0.234	-0.974
1.26	0.462
-0.527	0.887
1.03	0.805
0.276	-0.218
-1.07	-0.039
1.35	-1.51
0.507	1.02
0.306	-1.13
-1.21	-0.392
-0.793	0.905
0.204	-1.29
1.39	-0.631
-0.218	-1.63
-1.34	0.626
-0.35	2.07
0.021	-0.905
-0.614	-1.22
0.753	0.781
1.23	0.0999
0.445	0.0484
-0.959	1.07
-0.204	-0.181
-2.18	-1.88
-0.474	0.264
0.904	1.15
-0.876	0.92
1.1	-0.313
1.26	-1.03
0.961	-1.33
-0.224	-1.02
-0.558	-1.73
-0.18	-0.639
0.326	0.00626
0.279	0.149
-1.43	0.0281
0.449	-0.0489
0.465	0.842
-0.49	1.25
0.368	-0.856
-0.0242	-1.28
0.42	2.1
-1.09	-0.463
-0.391	-0.547
0.703	-0.583
-1.3	0.469
-1.44	-0.505
1.01	0.865
1.55	-0.649
0.447	-1.18
-0.0433	0.605
-1.56	-0.329
-1.37	0.808
-0.448	-0.354
1.53	0.368
-0.672	1.35
0.883	0.598
0.491	0.194
-0.11	-1.21
-0.436	1.86
0.924	0.701
1.24	0.908
-0.058	-0.904
0.195	-1.27
2	1.28
0.562	0.172
0.278	0.383
-0.711	0.465
-0.605	-1.52
1.39	0.155
0.38	-1.35
-1.07	-0.709
-0.958	0.812
-0.296	0.538
0.952	0.836
0.917	0.231
-1.72	0.142
-1.52	-0.368
-1.53	0.257
1.38	-0.645
0.102	-1.36
1.45	-1.25
-1.12	0.589
0.613	-0.0651
2.44	-0.448
1.33	-1.71
0.289	1.01
-1.05	0.219
-0.405	-1.09
0.819	0.546
1.58	-0.468
1.07	1.53
0.434	0.295
-0.385	-0.734
0.85	-0.829
-0.901	-1.68
-0.0677	1.74
0.244	1.84
-1.84	-0.958
1.21	0.00827
-1.13	-1.06
0.0114	1.66
1.89	-0.633
0.367	-0.451
0.344	0.908
-0.416	0.246
-0.716	-1.19
-1.07	-0.552
-1.94	0.832
0.21	2.18
-0.932	-1.15
0.23	-1.15
1.55	1.1
0.497	1.27
-0.599	1.44
0.928	1.45
1.38	1.25
-0.866	-0.197
-0.817	-0.783
0.221	0.147
-0.314	-0.919
0.802	0.852
1.25	-1.38
0.991	-1.1
-0.927	-0.595
0.517	1.71
0.952	-0.782
-0.215	-0.217
-0.207	-1.37
-0.223	1.65
-0.882	-0.726
-0.747	-0.509
1.27	-0.519
0.009	0.928
-1.17	0.586
0.521	0.56
-1.01	0.768
0.605	0.378
-0.582	-0.587
0.125	-1.24
-0.471	-0.919
1.4	0.541
1.49	-1.53
0.459	1.69
0.183	-1.16
-0.104	0.48
-0.0541	-1.31
0.728	0.752
-1.13	0.654
-0.265	1.71
-1.96	-0.442
0.675	0.886
-1.76	-1.33
-1.92	-1.17
-1.42	-1.4
-0.39	-1.01
-0.634	1.21
-0.218	-1.05
0.332	-0.527
0.171	-0.502
-2.13	-1.85
0.0273	-0.683
-0.0897	-0.115
0.603	1.8
-0.0232	-1.24
-1.48	0.944
-0.0127	-1.12
-0.587	1.01
0.163	-1.13
0.93	0.65
1.5	-0.0608
-0.0911	-0.0844
1.64	-0.308
0.404	-1.1
1.37	1.24
-1.22	-0.107
-0.642	-1.35
-0.181	-1.1
-0.218	-0.882
-0.683	0.139
-0.305	1.18
-1.19	0.814
-0.758	0.794
0.811	1.07
1.45	-1.03
-0.169	-0.601
0.462	1.89
-1.89	-1.16
-0.0199	-1.32
-0.396	-1.45
-1.08	0.89
0.624	-0.285
-0.177	1.51
-0.437	-0.789
1.22	1.48
-0.961	0.755
-1.64	0.572
1.34	0.274
1.16	-0.254
-0.38	-1.34
0.918	1.72
-1.14	-0.927
-0.516	1.46
0.188	1.59
-1.51	-0.27
1.21	0.151
1.05	-1.11
0.385	-1.07
-0.139	-0.363
0.953	-1.3
0.725	1.33
0.0966	-1.06
-0.347	-1.15
-0.0605	1.65
-1.88	-1.26
0.484	-0.427
-0.618	-0.506
-0.121	-1.05
-0.169	-0.135
-1.28	-0.542
1.62	-0.131
-0.446	-1.53
1.16	-0.357
0.298	-0.878
-1.46	1.11
-0.764	0.218
0.901	-0.952
0.955	0.142
-1.12	-1.17
-0.0845	1.15
-0.844	0.371
-1.43	0.0911
-0.978	-1.05
-0.899	-1.38
0.942	1.83
1.35	0.677
-0.678	1.6
-0.145	1.65
1.35	-0.518
-1.54	-0.598
1.12	1.14
-0.715	-1.49
-1	-0.885
-0.357	1.51
-0.859	1.26
0.8	1.56
-1.53	0.795
0.707	-0.778
-1.62	0.213
-0.836	-1.36
-1.84	-0.284
-0.685	0.727
0.875	-1.47
-0.079	0.227
0.731	1.74
-1.15	-0.659
-1.6	0.788
-0.114	0.846
-1.14	1.08
0.143	0.845
0.678	0.961
-0.397	0.563
-0.872	0.663
-0.262	1.71
-1.2	-1.4
1.08	0.088
0.523	-1.38
1.23	-0.0874
1.13	-1.75
-0.466	-0.851
-0.336	0.182
1.04	0.0909
0.553	-0.172
0.134	-1.06
-0.882	-0.608
1.24	0.441
-0.714	-1.65
0.547	1.15
-1.47	0.96
0.437	2.35
-0.539	0.292
0.543	0.913
-1.34	-1.05
-0.326	0.0769
0.843	0.634
0.452	-0.204
0.974	0.877
1.97	0.041
0.554	-0.454
-1.29	-0.264
-1.18	-0.898
1.08	1.37
-1.04	-1.07
-0.325	0.969
0.72	0.677
0.803	0.349
-1.58	-0.798
1.3	-0.346
0.332	-0.69
-0.0128	-1.27
-1.83	0.379
-1.21	1
-0.76	-1.26
-0.665	1.61
1.12	-0.447
-0.23	2
-0.176	-0.207
-1.75	-1.92
-0.599	1.25
0.101	0.881
-0.298	-1.16
1.01	0.257
-0.479	0.91
-0.428	-0.509
-1.74	0.367
0.637	1.25
0.00879	1.47
-0.302	-0.116
0.157	0.956
-0.617	1.61
0.934	0.32
-0.226	-1.45
-0.667	-0.895
-0.0337	-1.36
-0.0411	0.32
-1.78	-0.607
-0.495	1.31
-0.823	0.729
0.916	-0.0255
1.7	0.0023
-0.563	1.29
-0.995	-0.507
-1.39	-0.943
-1.75	-1.63
0.742	0.744
-0.435	-1.53
2.27	0.284
0.175	-0.887
1.17	1.37
-1.75	-1.27
-1.33	0.878
-0.238	1.74
0.99	1.02
-1.9	0.856
-1.64	-1.16
-0.415	0.463
0.435	0.397
-0.306	2.28
0.569	1.15
1.04	-1.17
-1.28	-1.12
-1.07	1.3
-0.211	-0.637
-0.104	-1.15
-0.0169	-0.939
-1.4	0.247
-0.897	-0.972
-1.68	-0.472
0.655	1.72
-0.58	-0.579
0.688	-0.878
1.55	-0.00546
-2.25	0.167
0.252	0.258
1.54	-0.749
-1.5	0.0847
-0.851	-1.26
-0.403	-0.636
-0.138	-1.03
1.94	1.25
-0.651	1.12
-0.562	-1.12
1.66	-0.402
-1.31	0.239
-0.0113	-0.78
0.0821	-0.398
-0.639	0.68
-1.49	-0.221
-0.006	-0.32
0.782	-0.139
-1.33	0.897
-1.19	-0.774
0.127	1.94
-1.29	-0.23
0.76	-1.16
-0.992	-0.0156
-0.396	1.21
-0.665	-1.04
1.24	-1.33
-0.22	-1.12
-1.54	0.562
-0.159	-0.12
1.03	-0.805
-0.625	1.38
-1.79	-0.124
-0.0656	-1.57
1.12	-0.908
-1.28	-0.259
-0.309	1.16
-0.625	-0.675
-0.752	-0.117
-1.1	0.322
1.09	1.49
-0.867	0.214
0.596	-0.172
-0.704	0.71
0.672	1.57
1.38	0.698
-1.34	0.54
0.429	1.94
0.381	1.61
0.129	-0.889
-1.01	-0.0908
-0.651	-0.528
0.0439	2.03
-2.37	-0.01
-0.553	-0.687
-1.47	-0.817
1.36	-0.412
1.92	0.0429
-0.673	-0.177
1.32	0.218
0.221	0.946
1.05	0.899
0.942	0.248
-1.7	-1.79
0.359	1.52
-0.977	0.639
-1.02	-1.19
-0.496	1.41
1.45	0.273
1.16	-1.1
-0.878	-1.46
0.983	0.203
0.167	-0.793
-1.67	1.1
-1.28	-0.471
1.1	0.74
0.435	1.31
-1.41	-0.357
-0.00145	-0.7
1.5	-0.993
-0.248	-1.69
-0.819	-1.21
1.78	0.272
-1.04	1.13
-0.536	-0.814
-0.663	-1.47
0.355	-0.222
0.486	0.991
-1.33	-0.12
0.975	-1.34
0.431	1.64
-0.516	-0.92
0.0479	-1.06
-1.04	-1.08
-0.767	-1.2
0.613	1.35
-0.834	-0.258
0.473	-1.11
-0.734	1.25
2.2	1.14
-0.443	1.02
-0.568	-0.873
-0.452	-0.717
0.14	1.25
1.22	0.325
2.18	1.13
1.52	0.315
-0.276	-1.19
-0.29	0.7
-1.22	0.177
0.799	-0.99
-0.0163	-1.07
1.51	-0.355
0.431	-1.46
-0.264	-1.14
1.14	0.607
-0.508	-0.694
1.53	0.228
2.07	1.37
1.78	1.01
-0.0175	-1.21
-0.295	-1.27
-0.743	0.685
0.405	-1.2
0.351	-0.964
0.192	1.94
-0.867	1.09
1.21	0.752
0.545	1.28
0.985	0.114
-0.544	-0.831
1.12	0.293
-1.44	-0.47
-0.077	1.87
-0.956	1.11
1.35	-0.962
0.234	-0.413
-0.861	-1.21
0.599	1.14
-1.38	-0.826
-1.37	0.928
0.395	1.21
1.01	-0.437
1.1	-1.17
0.999	-1.12
-0.381	-0.917
0.817	-0.941
0.184	0.558
-0.334	-1.34
0.974	-1.32
0.655	1.14
-0.209	-0.356
-0.511	1.53
-0.891	-0.617
0.0545	-1.32
0.545	-0.165
1.29	0.488
0.364	-0.269
-1.11	0.308
-0.421	-1.09
0.849	0.907
-1.17	1.08
0.629	-0.617
0.424	0.0533
0.179	1.87
1.36	-0.117
1.02	0.729
0.252	-0.389
-0.549	1.03
1.27	0.775
-0.0192	-1.03
-1.31	0.0708
-0.719	0.242
-0.633	0.257
-0.491	-1.55
-1.84	-0.366
-0.457	-0.983
-0.565	-0.0822
0.401	-1.31
-0.561	-0.787
-1.74	0.697
0.745	0.877
0.617	1.34
-1.77	-1.19
1.88	0.325
1.09	0.155
0.0899	-1.09
0.229	0.613
1.05	-0.655
-1.15	-0.545
-0.555	0.908
1.45	0.211
0.132	-1.49
1	0.654
-0.487	-0.797
0.643	-0.351
-0.0744	-0.463
-0.0476	-1.24
0.478	0.46
-0.398	-1.28
0.335	1.15
-0.397	-1.1
0.625	1.38
-0.648	-0.713
-0.4	-1.15
0.762	-0.334
0.137	1.94
-0.726	-1.17
-1.13	1.01
1.34	-0.632
-0.0261	-1.38
-1.21	-1.22
1.55	0.482
-0.794	1.24
0.517	1.46
-0.865	1.6
-1.57	-0.561
0.329	0.606
0.497	2.23
-0.529	0.365
-1.82	0.474
0.948	0.985
-0.488	-1.31
1.46	-1.06
-1.67	0.88
2.4	1.2
1.57	-0.909
-0.144	1.68
0.123	-0.283
-1.23	-0.977
-1.69	0.614
1.71	-0.945
-0.135	-1.1
-1.35	-0.57
-0.0117	-1.34
1.31	0.151
0.983	0.611
-1.52	-0.00335
0.976	1.24
0.0271	1.83
-1.4	0.98
-0.45	-0.928
-2.09	0.604
0.455	0.877
0.193	1.72
-0.304	1.5
-1.98	-0.655
-0.0237	-1
-0.184	-1.4
0.458	-0.157
-1.45	-1.22
-0.152	-1.11
-0.0208	1.76
1.31	0.208
-1.06	-1.54
-1.24	0.1
0.715	1.3
-1.77	-0.455
0.75	1.63
1.12	0.422
1.88	-1.13
0.894	-0.742
0.756	-0.0709
-0.734	0.881
0.301	-1.29
0.426	0.194
-1.93	0.96
0.258	0.482
0.272	-1.6
0.194	-1.27
-2.28	-1.02
-1.55	-0.61
-1.36	-0.324
0.869	0.576
1.59	-0.111
-0.424	0.0207
0.621	1.32
-0.0367	-0.144
0.735	0.932
1.74	0.195
-0.482	0.0903
-0.201	1.35
-0.0882	1.17
0.831	1.35
0.762	0.344
0.777	0.312
0.813	1.06
-0.507	1.89
0.163	-1.08
-0.9	0.858
1.88	-0.289
0.273	1.79
1.47	-0.531
-0.814	0.23
-0.422	-0.241
0.996	1.46
0.0432	-1.39
0.591	-0.427
-0.698	-0.726
-0.536	1.19
-0.53	0.101
0.494	1.18
-0.305	0.194
0.0878	-1.08
-0.752	0.342
0.135	0.0532
-0.0461	1.65
1.29	0.0437
-0.534	-1.23
-0.269	1.37
-0.803	-1.09
0.915	1.15
0.676	0.925
1.28	0.373
-0.699	-0.359
-0.222	0.259
-1.6	-1.44
-0.665	0.357
-0.615	-0.97
0.938	-0.255
-0.926	0.916
-0.854	-0.379
-0.611	-1.28
-1.01	0.357
-1.19	1.14
-0.728	-0.76
-0.768	-0.909
-0.173	1.59
0.229	1.63
0.513	0.741
-0.0773	-1.22
-0.114	-1.5
-1.3	0.651
0.5	0.762
-1.15	-0.562
0.884	-0.766
-0.83	-1.08
-1.6	-1.32
0.781	0.911
-1.32	0.0399
0.673	2.52
-0.855	1.22
0.0893	-1.1
-1.52	-0.993
-0.355	1.28
0.273	-1.45
-1.27	-0.688
0.157	-0.652
-1.18	1.17
-0.736	-1.14
0.603	0.145
0.722	0.368
-0.38	-1.27
1.66	-0.384
-0.118	-1.26
0.689	-0.187
-0.886	-1.27
-1.47	0.52
1.07	0.668
-1.94	-0.761
0.41	1.01
-0.78	-1.37
0.344	1.38
0.22	-1.36
-0.621	1.11
0.707	1.37
0.196	1.76
0.44	-0.936
1.37	0.219
0.284	1.86
1.45	0.169
0.941	1.46
-0.275	-1.6
-1.5	0.282
0.121	0.219
-1.87	0.373
-1.51	-0.626
1.41	0.319
0.919	0.798
0.533	1.76
0.845	0.00714
-0.203	1.26
-0.52	1.35
-0.0696	-0.896
-0.914	0.317
-0.688	-1.14
1.07	0.399
-0.411	-1.34
0.924	0.861
-0.901	-1.13
1.55	-0.0305
1.15	0.565
-0.572	1.16
0.155	1.88
1.43	-0.816
-0.858	-1.2
-0.0652	0.631
0.16	-0.616
-1.53	0.501
-1.45	-1.14
-0.113	2.13
-0.241	-0.374
-0.49	-1.45
-0.861	-0.972
1.14	0.212
-0.44	-1.3
-0.98	-1.49
-1.69	-0.176
0.84	1.42
-0.972	0.473
-0.668	0.919
0.732	0.493
0.535	1.46
-1.4	-0.183
1.26	0.305
-0.996	-0.984
-0.534	-1.4
0.733	0.926
0.587	0.0331
0.0125	-0.665
0.835	1.24
-0.942	-1.15
0.0368	-0.239
1.5	1.5
-0.744	-1.39
-0.472	0.267
0.304	1.61
-0.0439	0.305
-1.96	-1.09
1.31	0.17
-1.78	-0.253
-1.21	0.918
0.457	0.191
0.998	0.37
0.513	1.5
-0.714	-0.161
0.0722	1.8
1.33	-0.0673
0.508	-0.331
0.862	-1.24
0.65	1.86
1.74	-0.143
0.417	-1.54
0.466	0.281
1.73	0.979
-0.314	-0.72
0.0981	0.465
-1.08	1.01
2.37	1.07
0.143	-0.786
0.032	-1.5
0.739	2.14
0.396	1.81
0.538	1.38
0.0325	-1.46
-0.391	1.32
-0.695	1.08
-1.84	-0.846
-0.824	1.1
1.16	-1.24
0.7	1.14
-0.17	1.18
-0.0932	0.472
0.164	-1.18
0.443	1.54
-1.22	0.0836
-0.188	-1.27
0.109	-0.522
1.62	1.19
-0.853	0.358
-1.69	-1.14
0.725	-0.99
0.25	-1.1
-1.22	0.569
0.627	0.125
-0.0699	-1.2
0.594	1.8
-0.901	-1.56
1.02	0.0975
-0.149	-0.0185
-0.226	-1.09
1.11	0.685
-0.301	1.69
0.471	-0.445
-0.827	1.23
-0.672	-0.0414
0.606	-0.877
-0.64	0.705
0.14	-0.8
0.425	-1.21
0.966	-0.199
1.06	0.629
0.839	-1.15
0.379	1.74
0.603	-1
-0.463	-1.2
1.18	1.42
1.09	-1.12
0.9	-1.36
1.11	-1.1
1.46	-0.111
0.242	0.347
0.669	0.98
-1.2	-0.826
-1.13	0.928
-0.799	1.11
-0.108	1.7
-1.18	0.692
-0.787	-0.113
-0.412	-0.689
-0.452	0.524
0.29	-0.515
-0.518	-0.914
-1.1	0.419
1.34	1.44
-1.46	0.594
-0.613	1.1
1.5	0.0442
1.34	-0.0272
-0.146	-0.869
0.0726	-1.31
-0.198	-0.661
-0.0776	-1.35
-1.22	-0.68
1.17	0.407
1.34	0.0998
1.25	-1.25
0.712	1.49
-0.516	-0.915
-1.63	0.728
-0.514	-1.21
1.12	0.822
-0.076	-1.12
-0.678	-0.417
-0.897	-1.04
1.12	0.375
-1.94	-1.61
-0.756	-0.679
0.825	-1.28
1.8	0.0607
0.108	-1.21
2.18	1.21
0.634	0.366
1.26	0.799
-0.702	-0.811
-0.336	-0.0523
-0.729	1.5
1.3	0.749
0.283	0.394
0.247	1.65
0.212	1.81
1.08	-0.628
-0.852	-0.298
-1.77	-0.592
-0.251	0.327
0.417	-1.28
-0.12	-1.22
-2.19	-1.3
2.11	0.942
-0.214	-0.235
1.05	0.219
-0.863	0.174
0.244	1.42
0.0725	0.596
-1.34	0.869
-0.0874	-1.07
-0.452	-1.22
0.973	0.653
0.911	-0.832
0.303	-0.94
0.282	-0.761
1.7	-0.554
0.659	1.28
-0.192	0.791
0.424	1.64
-0.59	-1.04
2.04	1.36
-1.11	-0.351
-1.86	-1.78
-1.12	-0.315
-0.932	-1.02
1.71	-0.424
0.726	-0.626
-1.46	0.657
-0.347	-1.13
-1.21	-1.16
0.541	1.41
0.334	1.04
1.31	0.118
0.673	0.172
1.14	0.866
-0.372	-1.11
1.29	0.644
1.26	-1.25
0.408	-0.664
0.339	0.881
0.00275	-0.0555
-0.836	-0.65
0.838	1.5
-1.4	-1.54
0.786	1.31
-0.88	0.407
0.987	0.258
1.86	-0.213
-1.53	0.679
-1.12	0.699
-1.19	-0.328
0.829	-0.305
1.16	0.847
-0.434	-1.1
-0.177	-1.45
-0.131	1.76
1.19	0.309
0.189	1.35
0.0963	-1.38
-0.989	0.48
-0.532	0.181
0.704	-0.91
-0.301	1.82
0.0561	-0.479
1.13	-1.27
-0.206	-1.15
-0.413	1.17
-1.21	-0.854
1.01	0.555
0.879	1.03
0.724	0.706
-2.03	-1.23
0.414	0.141
0.466	0.322
1.44	0.276
0.97	1.15
1.1	1.58
0.719	0.759
1.07	0.512
-0.753	-1.08
-0.451	1.72
-1.24	-0.706
0.179	-1.04
0.214	-0.45
0.364	-0.858
-1.04	-0.131
0.273	1.68
1.19	0.289
-0.436	-0.954
-0.403	-0.488
-0.8	1.66
0.00854	1.31
1.47	-1.44
1.13	1.07
-1.1	0.737
-0.711	0.96
1.81	-0.551
-0.381	-1.08
2	1.71
-1.34	0.824
-0.184	-0.751
0.608	-1.18
0.957	-0.572
-0.243	-1.24
0.914	0.26
0.701	0.564
1.35	1.33
0.387	-0.798
-1.02	-1.43
1.71	1.17
-0.178	-0.551
-0.434	-1.16
0.512	-0.49
-0.434	2.24
-2.17	-0.523
1.18	0.766
-0.00948	-0.336
0.142	-0.698
-1.28	0.559
-1.01	-0.363
-1.74	0.975
1.34	-1.07
1.28	1.35
-0.274	-0.99
1.39	0.0609
-1.36	0.976
0.99	0.771
-1.82	-0.341
0.423	1.74
1.42	-0.208
-0.261	0.204
-1.69	0.706
-1.24	-0.497
-0.074	1.97
1.4	-1.13
0.411	1.47
-1.51	-0.285
1.12	-1.22
-0.652	1.14
0.608	0.0135
0.0285	1.72
-0.315	-1.09
0.222	1.47
-0.376	-0.975
-0.356	-0.0513
-0.42	1.11
-1.17	-0.073
-0.816	0.562
1.02	0.44
-0.828	-0.82
-0.183	1.15
-0.768	0.209
-0.101	-0.122
-1.55	0.378
-0.825	0.481
1.23	-1.55
1.61	-0.387
-0.785	-0.361
-1.53	-1.01
0.327	0.17
1.35	-1.23
-1.04	0.621
0.424	0.471
-0.0567	-1.41
1.63	0.0545
-0.522	0.877
-0.391	1.03
-1.54	-0.641
0.0114	-1.46
1.16	0.151
-0.17	-0.346
0.809	0.942
0.602	1.06
-0.879	0.499
1.18	0.507
-1.06	-0.937
2.37	1.14
-1.42	0.592
1.88	0.116
-1.06	0.817
0.809	0.741
1.22	0.217
0.612	1.8
1.25	-0.146
1.28	-0.236
-0.298	-1.26
0.93	-0.375
-0.626	-1.18
-0.102	1.57
-0.918	-0.578
1.01	1.53
0.805	0.42
-0.958	0.536
-0.051	-0.972
-0.0443	-0.335
0.822	0.501
-0.337	1.66
-0.957	0.039
-0.0406	2.09
-0.266	-1.2
-0.216	-0.353
-1.33	-0.861
-1.87	-1.32
-1.1	0.817
0.568	0.244
-0.672	-0.601
0.847	1.4
-0.125	-1.48
0.504	0.0752
0.257	0.154
-0.269	1.6
0.29	-0.481
-2.06	0.392
-1.14	0.849
-1.54	0.516
1.55	-0.466
0.209	0.755
-1.66	-0.56
0.299	1.56
-0.418	-1.26
-0.0554	-1.28
-1.1	0.641
-0.016	-0.448
0.463	0.498
-1.56	-1.1
0.287	-1.45
-1.03	1.01
0.826	0.84
-1.31	-0.354
-0.634	-1.15
1.26	0.144
-0.162	1.84
-0.532	0.978
0.527	-1.02
-0.208	-0.646
-0.58	-1.09
-0.071	1.63
-0.622	0.804
-0.25	-1.23
0.504	1.78
2.29	1.22
0.625	1.67
-0.165	-0.697
-0.317	1.77
0.309	-0.689
1.14	0.647
-1.37	-0.177
-0.988	-0.191
-0.0273	0.739
0.611	0.978
-1.89	-1.7
-0.936	1.81
1.25	0.794
-1.34	0.595
0.469	1.91
-1.57	0.629
-1.61	-0.451
-1.81	-0.488
1.08	-0.996
0.445	0.135
0.764	0.469
0.369	0.428
-0.367	-1.04
-0.139	0.132
-0.987	-0.863
-1.54	0.503
0.434	-0.189
-1.57	-1.47
1.62	-0.0187
0.659	-0.985
0.196	1.27
-1.42	-0.327
1.82	1.43
-0.487	-0.536
0.235	1.48
1.38	0.131
-1.44	-0.0746
-0.163	-0.398
1.25	-0.322
1.33	-0.0802
-0.18	0.595
-1.29	-0.754
0.409	1.45
-1.45	-1.25
-1.32	0.995
1.02	-0.728
1.72	0.0291
-1.78	-0.687
-0.966	-0.628
-1.57	0.378
1.12	-0.659
0.0235	-0.18
-1.17	0.156
-0.105	-0.442
-0.256	-0.115
0.414	1.16
0.617	-0.0096
-1.37	0.648
0.774	0.617
2.29	1.32
0.501	0.0553
0.981	0.532
0.141	0.0947
0.0436	0.0126
-1.84	-1.64
-1.22	-0.119
-1.16	0.41
1.25	-0.00263
1.03	1.29
0.773	-0.747
-0.0297	-1.58
0.217	-1.21
-1.06	1.03
-1.93	-0.92
0.598	0.855
-1.69	-1.27
0.822	0.192
-0.539	1.41
0.00168	0.262
-0.742	-1.02
-1.31	-0.903
0.878	-1.38
0.465	-1.26
-1.11	-0.821
2.41	1.26
-1.56	-0.172
-0.855	-1.05
519e-6	0.282
-1.88	-0.979
-0.895	-1.07
0.235	0.772
1.87	-1.16
0.735	1.63
0.0737	0.124
-0.337	1.85
-0.2	1.74
1.2	-0.213
0.382	0.175
1.03	-0.191
-0.739	1.32
0.952	0.616
-1.57	-0.205
0.774	-1.22
1.21	-1.24
1.1	0.131
0.397	0.513
1.07	-1.38
-1.37	-0.205
-0.33	0.0829
-0.718	-1.25
-0.676	1.3
0.434	2.19
-0.882	-0.582
1.16	-0.768
0.572	-1.24
-0.757	0.298
0.67	1.15
0.0301	-0.894
1.22	1.35
-0.685	0.989
-0.377	-0.617
0.13	1.41
-1.09	1.39
1.15	-1.14
0.648	1.41
0.981	0.0921
0.318	1.4
-0.501	0.0787
-1.12	0.494
-1.81	-0.994
-0.748	-0.034
0.544	1.41
-0.944	1.02
-0.533	1.22
-0.446	-1.28
0.498	-1.02
-0.954	-1.19
1.65	0.0404
-2.03	0.359
-0.235	-1.22
0.627	-0.0629
-1.93	0.525
2.35	1.14
0.233	-0.275
-0.781	-0.113
-0.327	0.612
-1.41	1.09
0.0489	-1.36
0.253	-1.3
-1.25	-0.656
-1.59	0.322
1.99	1.18
2.2	1.26
-0.172	-1.31
0.276	0.397
0.949	0.422
1.06	0.842
1.98	1.27
-0.279	-0.0928
0.275	1.18
-0.318	0.317
-1.32	-0.088
-0.695	-0.736
0.916	1.63
0.974	0.512
-0.567	-1.7
1.38	0.749
0.521	-1.04
1.13	0.429
-0.511	1.5
1.46	-0.91
1.67	0.0877
-0.965	-0.978
-2	-1.72
-1.43	-1.02
0.739	0.139
0.369	0.49
-1.64	-1.8
-1.31	-0.498
0.44	0.9
-1.59	-1.36
-0.724	0.215
1.33	1.43
-0.91	-0.607
1.19	0.997
-0.914	0.425
1.11	0.375
-1.46	-0.298
-0.328	0.232
0.941	-0.789
-1.82	0.885
0.0949	-1.56
0.874	-0.769
-0.967	0.592
0.803	1.35
-0.521	0.726
-0.76	-0.698
-2.25	-1.96
-0.749	0.0101
-0.00626	-0.959
1.01	-0.984
0.198	-1.19
0.544	1.63
-0.213	0.259
-0.729	1.37
0.112	0.0285
-0.968	-0.912
-0.566	-1.33
-0.271	1.59
1.56	-0.367
0.897	1.07
1.39	-0.498
0.0968	-0.225
0.374	0.966
-0.791	-1.26
0.615	0.558
-0.391	0.181
-0.153	-1.2
0.298	0.509
0.557	-1.04
-0.109	-1.07
0.412	-0.124
-1.55	-1.47
1.9	1.27
0.838	-0.115
0.243	1.61
0.48	-1.1
0.854	-0.537
-0.00294	0.513
1.34	0.878
0.00865	-0.918
1.82	-0.643
-0.212	-1.18
0.823	-1.21
-0.835	-1.06
-0.536	1.05
-1.53	-1.21
0.352	0.333
-1.09	0.531
0.709	0.872
1.54	1.75
-1.87	-0.555
-0.282	1.78
0.428	-0.494
0.923	0.933
-1.21	-0.409
-1.31	0.175
-0.753	-0.321
0.614	-1.46
-0.598	-1.35
-1.15	-0.0498
1.6	-1.36
-0.902	-0.36
-0.66	-0.0708
2.57	0.989
-1.13	-0.0634
-1.01	-0.397
1.43	-1.21
1	0.254
-0.103	-0.414
-0.969	1.02
1.09	1.03
1.08	0.0163
1.44	-1.7
-2.02	-0.792
1.17	0.511
0.0403	-1.51
0.931	0.783
0.824	0.587
-0.0957	-1.06
1.05	0.472
-0.268	-1.52
1.35	0.229
-1.4	0.475
-1.34	-0.419
-0.523	-1.31
1.18	1.49
0.566	0.0815
0.34	-1.34
0.578	-0.622
0.753	1.89
-0.184	-0.0314
0.56	1.7
1.07	0.457
-0.613	0.775
0.819	0.0462
1.11	-0.0628
-1.61	-1.13
1.06	-0.0531
0.764	-0.804
0.226	-1.38
-1.19	1.01
1.25	-0.118
-1.76	-1.17
-0.234	-0.656
-1.45	-1.29
0.234	-0.822
-1.84	-0.865
-1.63	-1.32
-0.715	-0.969
0.0973	-1.33
-0.551	0.288
1.39	-0.013
0.215	-1.66
0.0224	1.43
-0.338	-1.33
-0.693	-0.113
0.0533	-1.02
-0.153	-1.22
-1.18	0.0302
1.15	0.329
1.31	-1.4
-0.285	1.98
1.06	-0.0553
-0.904	-0.203
0.661	-0.199
0.896	-1.27
-1.54	-0.618
1.29	-0.657
-1.67	-1.5
-1.36	-0.848
1.98	-0.0252
0.485	0.635
-0.674	0.842
0.722	-0.975
1.02	-0.625
1.26	-0.181
-0.658	-1.31
-0.405	-1.25
1.27	0.493
0.933	-0.277
-0.815	-0.682
-1.51	-0.769
0.117	-1.07
0.384	2.15
-1.32	1.1
1.2	-1.65
0.0529	1.52
1.46	0.0373
-0.607	-1.6
-1.06	-0.549
-1.39	0.862
0.527	0.51
1.15	-0.451
-0.171	0.0105
-1.63	0.524
2.2	-0.665
0.826	1.42
-0.138	-0.0524
-0.754	1.19
0.0574	-0.134
0.877	0.161
1.17	0.446
0.647	0.317
-1.73	-0.242
0.631	-0.674
-0.973	-0.047
-0.4	0.00463
-1.14	-1.27
0.42	1.1
0.43	-0.654
1.49	0.365
-0.643	1.68
0.698	-0.655
-0.222	2.47
-1.22	-0.0961
-0.276	1.05
-0.253	-0.406
-1.38	0.678
-1.13	-0.443
1.3	0.175
1.64	1.46
1.48	1.78
-1.61	-0.363
-1.52	-1.23
-0.0657	-1.19
-0.653	0.433
2.48	1.21
-0.959	1.08
0.842	-0.372
-0.402	-1.11
-0.291	0.561
-1.02	-0.224
0.45	-0.104
-1.88	-0.454
-0.582	-0.752
-0.594	1.24
-1.49	-0.00325
0.552	1.04
1.06	0.443
0.406	-0.707
1.15	0.0436
0.612	1.37
1.1	0.508
1.1	0.604
-0.753	1.18
-1.13	0.411
-0.872	0.26
-0.415	0.256
0.801	-0.639
0.762	0.125
0.0343	-1.18
0.524	-0.231
-0.0262	-1.18
-1.47	-0.0358
1.29	0.152
-0.851	0.189
-0.961	1
-0.776	0.127
-0.674	-0.62
0.244	-0.69
-0.974	0.511
0.37	1.03
-1.98	-0.88
0.308	0.117
-1.62	0.468
-0.843	-1.08
1	1.17
-0.954	0.687
0.768	-0.966
1.64	1.12
-1.7	-0.554
0.404	0.00999
0.704	-0.906
0.335	1.39
-1.7	-0.569
2.64	1.14
0.769	0.772
-0.255	-0.142
