-2.6935114	0.90363699	1.059912	-0.45921259	0.5612411	-0.13800562	0.97475967	0.62937942	0.51629307	-1
-1.6961842	-2.6847186	-0.79578056	-0.45921259	0.5612411	1.2124779	0.97475967	-0.98230246	0.51629307	-1
-1.6961842	0.90363699	-2.18755	-0.45921259	0.5612411	-0.13800562	0.97475967	2.2410613	0.51629307	-1
-1.6961842	0.90363699	-2.18755	-0.45921259	0.5612411	-0.13800562	0.97475967	2.2410613	0.51629307	1
-1.6961842	0.90363699	-1.7236268	-0.45921259	0.5612411	-0.13800562	-1.0184056	1.4352204	0.51629307	-1
-1.6961842	0.90363699	-1.2597037	-0.45921259	0.5612411	-1.4884892	0.97475967	-0.17646152	0.51629307	-1
-1.6961842	0.90363699	-1.2597037	-0.45921259	0.5612411	-0.13800562	-1.0184056	1.4352204	0.51629307	-1
-1.6961842	0.90363699	-0.79578056	-0.45921259	0.5612411	-1.4884892	-1.0184056	-0.17646152	0.51629307	-1
-1.6961842	0.90363699	-0.79578056	-0.45921259	0.5612411	-1.4884892	0.97475967	-0.17646152	0.51629307	1
-1.6961842	0.90363699	-0.79578056	1.0567422	-1.7687598	1.2124779	-1.0184056	-0.17646152	-1.9227466	1
-1.6961842	0.90363699	-0.33185742	-0.45921259	0.5612411	-0.13800562	-1.0184056	1.4352204	0.51629307	-1
-1.6961842	0.90363699	-0.33185742	-0.45921259	0.5612411	1.2124779	-1.0184056	-0.98230246	-1.9227466	1
-1.6961842	0.90363699	-0.33185742	-0.45921259	0.5612411	1.2124779	-1.0184056	2.2410613	0.51629307	-1
-1.6961842	0.90363699	-0.33185742	0.29876482	-1.7687598	-0.13800562	-1.0184056	-0.17646152	0.51629307	1
-1.6961842	0.90363699	-0.33185742	0.29876482	-1.7687598	-0.13800562	0.97475967	-0.98230246	-1.9227466	-1
-1.6961842	0.90363699	-0.33185742	0.29876482	0.5612411	-0.13800562	0.97475967	2.2410613	0.51629307	-1
-1.6961842	0.90363699	0.13206571	-0.45921259	0.5612411	-1.4884892	-1.0184056	2.2410613	0.51629307	-1
-1.6961842	0.90363699	0.13206571	-0.45921259	0.5612411	-0.13800562	-1.0184056	-0.17646152	0.51629307	-1
-1.6961842	0.90363699	0.13206571	-0.45921259	0.5612411	-0.13800562	0.97475967	-0.17646152	0.51629307	-1
-1.6961842	0.90363699	0.13206571	0.29876482	-1.7687598	1.2124779	-1.0184056	-0.17646152	-1.9227466	1
-1.6961842	0.90363699	0.13206571	1.0567422	-1.7687598	-0.13800562	0.97475967	-0.98230246	-1.9227466	-1
-1.6961842	0.90363699	0.13206571	1.0567422	-1.7687598	1.2124779	-1.0184056	1.4352204	-1.9227466	1
-1.6961842	0.90363699	0.59598884	-0.45921259	0.5612411	-1.4884892	0.97475967	-0.98230246	0.51629307	1
-1.6961842	0.90363699	0.59598884	-0.45921259	0.5612411	-0.13800562	-1.0184056	-0.98230246	0.51629307	-1
-1.6961842	0.90363699	0.59598884	-0.45921259	0.5612411	-0.13800562	-1.0184056	-0.98230246	0.51629307	1
-1.6961842	0.90363699	0.59598884	-0.45921259	0.5612411	1.2124779	-1.0184056	-0.17646152	0.51629307	-1
-1.6961842	0.90363699	0.59598884	0.29876482	0.5612411	1.2124779	0.97475967	-0.98230246	-1.9227466	1
-1.6961842	0.90363699	0.59598884	1.0567422	-1.7687598	-0.13800562	0.97475967	0.62937942	0.51629307	-1
-1.6961842	0.90363699	0.59598884	1.8147196	0.5612411	-0.13800562	0.97475967	-0.98230246	-1.9227466	1
-1.6961842	0.90363699	1.059912	-0.45921259	0.5612411	1.2124779	-1.0184056	-0.17646152	0.51629307	1
-1.6961842	0.90363699	1.059912	1.8147196	-1.7687598	1.2124779	-1.0184056	-0.17646152	0.51629307	1
-1.6961842	0.90363699	1.5238351	-0.45921259	0.5612411	-1.4884892	-1.0184056	-0.98230246	0.51629307	1
-1.6961842	0.90363699	1.5238351	-0.45921259	0.5612411	-0.13800562	-1.0184056	-0.17646152	-1.9227466	-1
-1.6961842	0.90363699	1.5238351	-0.45921259	0.5612411	-0.13800562	0.97475967	0.62937942	0.51629307	-1
-1.6961842	0.90363699	1.5238351	0.29876482	0.5612411	1.2124779	0.97475967	0.62937942	-1.9227466	-1
-0.69885702	-0.8905408	-0.33185742	-0.45921259	0.5612411	-0.13800562	0.97475967	-0.98230246	0.51629307	1
-0.69885702	-0.8905408	-0.33185742	-0.45921259	0.5612411	1.2124779	-1.0184056	-0.98230246	0.51629307	-1
-0.69885702	-0.8905408	-0.33185742	-0.45921259	0.5612411	1.2124779	-1.0184056	-0.17646152	0.51629307	-1
-0.69885702	-0.8905408	-0.33185742	0.29876482	0.5612411	1.2124779	0.97475967	-0.17646152	-1.9227466	1
-0.69885702	-0.8905408	0.13206571	-0.45921259	0.5612411	-0.13800562	-1.0184056	-0.17646152	0.51629307	-1
-0.69885702	-0.8905408	0.13206571	2.5726971	-1.7687598	1.2124779	-1.0184056	1.4352204	-1.9227466	1
-0.69885702	-0.8905408	0.59598884	-0.45921259	0.5612411	-0.13800562	-1.0184056	-0.98230246	-1.9227466	-1
-0.69885702	-0.8905408	0.59598884	0.29876482	0.5612411	1.2124779	-1.0184056	-0.17646152	0.51629307	1
-0.69885702	-0.8905408	1.5238351	3.3306745	-1.7687598	-0.13800562	0.97475967	-0.98230246	-1.9227466	-1
-0.69885702	0.90363699	-2.18755	-0.45921259	0.5612411	-0.13800562	0.97475967	1.4352204	0.51629307	-1
-0.69885702	0.90363699	-2.18755	-0.45921259	0.5612411	1.2124779	-1.0184056	2.2410613	0.51629307	-1
-0.69885702	0.90363699	-1.7236268	-0.45921259	0.5612411	-1.4884892	-1.0184056	-0.17646152	-1.9227466	-1
-0.69885702	0.90363699	-1.2597037	-0.45921259	0.5612411	-1.4884892	0.97475967	-0.98230246	0.51629307	-1
-0.69885702	0.90363699	-1.2597037	-0.45921259	0.5612411	-1.4884892	0.97475967	1.4352204	0.51629307	-1
-0.69885702	0.90363699	-1.2597037	-0.45921259	0.5612411	-0.13800562	-1.0184056	-0.98230246	0.51629307	-1
-0.69885702	0.90363699	-1.2597037	-0.45921259	0.5612411	-0.13800562	-1.0184056	-0.17646152	-1.9227466	-1
-0.69885702	0.90363699	-1.2597037	-0.45921259	0.5612411	-0.13800562	-1.0184056	-0.17646152	0.51629307	-1
-0.69885702	0.90363699	-1.2597037	-0.45921259	0.5612411	-0.13800562	0.97475967	-0.98230246	0.51629307	-1
-0.69885702	0.90363699	-1.2597037	-0.45921259	0.5612411	-0.13800562	0.97475967	-0.17646152	0.51629307	-1
-0.69885702	0.90363699	-0.79578056	-0.45921259	-1.7687598	1.2124779	0.97475967	-0.98230246	0.51629307	1
-0.69885702	0.90363699	-0.79578056	-0.45921259	0.5612411	-0.13800562	-1.0184056	-0.98230246	0.51629307	1
-0.69885702	0.90363699	-0.79578056	-0.45921259	0.5612411	-0.13800562	-1.0184056	-0.17646152	0.51629307	-1
-0.69885702	0.90363699	-0.79578056	2.5726971	0.5612411	1.2124779	0.97475967	1.4352204	-1.9227466	-1
-0.69885702	0.90363699	-0.79578056	3.3306745	-1.7687598	1.2124779	-1.0184056	-0.17646152	0.51629307	1
-0.69885702	0.90363699	-0.33185742	-0.45921259	0.5612411	-1.4884892	-1.0184056	1.4352204	0.51629307	-1
-0.69885702	0.90363699	-0.33185742	-0.45921259	0.5612411	-1.4884892	0.97475967	-0.17646152	0.51629307	-1
-0.69885702	0.90363699	-0.33185742	-0.45921259	0.5612411	-1.4884892	0.97475967	0.62937942	0.51629307	-1
-0.69885702	0.90363699	-0.33185742	-0.45921259	0.5612411	-0.13800562	-1.0184056	-0.98230246	0.51629307	-1
-0.69885702	0.90363699	-0.33185742	-0.45921259	0.5612411	-0.13800562	-1.0184056	-0.17646152	0.51629307	-1
-0.69885702	0.90363699	-0.33185742	-0.45921259	0.5612411	-0.13800562	-1.0184056	-0.17646152	0.51629307	1
-0.69885702	0.90363699	-0.33185742	-0.45921259	0.5612411	-0.13800562	-1.0184056	1.4352204	0.51629307	-1
-0.69885702	0.90363699	-0.33185742	-0.45921259	0.5612411	-0.13800562	-1.0184056	2.2410613	0.51629307	-1
-0.69885702	0.90363699	-0.33185742	-0.45921259	0.5612411	-0.13800562	0.97475967	-0.98230246	0.51629307	-1
-0.69885702	0.90363699	-0.33185742	-0.45921259	0.5612411	-0.13800562	0.97475967	0.62937942	0.51629307	-1
-0.69885702	0.90363699	-0.33185742	-0.45921259	0.5612411	1.2124779	0.97475967	-0.17646152	-1.9227466	-1
-0.69885702	0.90363699	-0.33185742	0.29876482	-1.7687598	-0.13800562	-1.0184056	-0.17646152	-1.9227466	1
-0.69885702	0.90363699	-0.33185742	0.29876482	-1.7687598	-0.13800562	0.97475967	0.62937942	-1.9227466	1
-0.69885702	0.90363699	-0.33185742	0.29876482	0.5612411	-0.13800562	0.97475967	-0.98230246	0.51629307	-1
-0.69885702	0.90363699	-0.33185742	0.29876482	0.5612411	-0.13800562	0.97475967	-0.17646152	0.51629307	-1
-0.69885702	0.90363699	-0.33185742	1.0567422	0.5612411	-0.13800562	0.97475967	-0.17646152	-1.9227466	-1
-0.69885702	0.90363699	0.13206571	-0.45921259	0.5612411	-1.4884892	-1.0184056	1.4352204	0.51629307	-1
-0.69885702	0.90363699	0.13206571	-0.45921259	0.5612411	-1.4884892	0.97475967	-0.17646152	-1.9227466	-1
-0.69885702	0.90363699	0.13206571	-0.45921259	0.5612411	-1.4884892	0.97475967	1.4352204	0.51629307	-1
-0.69885702	0.90363699	0.13206571	-0.45921259	0.5612411	-0.13800562	-1.0184056	-0.98230246	-1.9227466	-1
-0.69885702	0.90363699	0.13206571	-0.45921259	0.5612411	-0.13800562	-1.0184056	-0.98230246	0.51629307	-1
-0.69885702	0.90363699	0.13206571	-0.45921259	0.5612411	-0.13800562	-1.0184056	-0.17646152	-1.9227466	1
-0.69885702	0.90363699	0.13206571	-0.45921259	0.5612411	-0.13800562	0.97475967	-0.98230246	0.51629307	-1
-0.69885702	0.90363699	0.13206571	-0.45921259	0.5612411	-0.13800562	0.97475967	-0.17646152	0.51629307	-1
-0.69885702	0.90363699	0.13206571	-0.45921259	0.5612411	-0.13800562	0.97475967	-0.17646152	0.51629307	1
-0.69885702	0.90363699	0.13206571	-0.45921259	0.5612411	-0.13800562	0.97475967	2.2410613	0.51629307	-1
-0.69885702	0.90363699	0.13206571	-0.45921259	0.5612411	1.2124779	-1.0184056	-0.98230246	0.51629307	1
-0.69885702	0.90363699	0.13206571	-0.45921259	0.5612411	1.2124779	-1.0184056	0.62937942	0.51629307	1
-0.69885702	0.90363699	0.13206571	-0.45921259	0.5612411	1.2124779	0.97475967	-0.98230246	-1.9227466	-1
-0.69885702	0.90363699	0.13206571	1.8147196	-1.7687598	1.2124779	0.97475967	-0.98230246	0.51629307	1
-0.69885702	0.90363699	0.59598884	-0.45921259	-1.7687598	1.2124779	0.97475967	0.62937942	0.51629307	1
-0.69885702	0.90363699	0.59598884	-0.45921259	0.5612411	-1.4884892	-1.0184056	-0.17646152	-1.9227466	1
-0.69885702	0.90363699	0.59598884	-0.45921259	0.5612411	-1.4884892	-1.0184056	-0.17646152	0.51629307	-1
-0.69885702	0.90363699	0.59598884	-0.45921259	0.5612411	-1.4884892	-1.0184056	0.62937942	0.51629307	-1
-0.69885702	0.90363699	0.59598884	-0.45921259	0.5612411	-1.4884892	0.97475967	-0.98230246	0.51629307	-1
-0.69885702	0.90363699	0.59598884	-0.45921259	0.5612411	-0.13800562	-1.0184056	1.4352204	0.51629307	-1
-0.69885702	0.90363699	0.59598884	-0.45921259	0.5612411	-0.13800562	0.97475967	0.62937942	-1.9227466	-1
-0.69885702	0.90363699	0.59598884	-0.45921259	0.5612411	-0.13800562	0.97475967	1.4352204	0.51629307	-1
-0.69885702	0.90363699	0.59598884	-0.45921259	0.5612411	1.2124779	-1.0184056	-0.98230246	0.51629307	-1
-0.69885702	0.90363699	0.59598884	-0.45921259	0.5612411	1.2124779	0.97475967	0.62937942	0.51629307	-1
-0.69885702	0.90363699	0.59598884	-0.45921259	0.5612411	1.2124779	0.97475967	0.62937942	0.51629307	1
-0.69885702	0.90363699	0.59598884	0.29876482	-1.7687598	-0.13800562	-1.0184056	0.62937942	0.51629307	1
-0.69885702	0.90363699	0.59598884	0.29876482	-1.7687598	-0.13800562	0.97475967	-0.17646152	0.51629307	-1
-0.69885702	0.90363699	0.59598884	0.29876482	0.5612411	-0.13800562	0.97475967	-0.98230246	0.51629307	1
-0.69885702	0.90363699	0.59598884	1.0567422	-1.7687598	1.2124779	0.97475967	-0.98230246	0.51629307	1
-0.69885702	0.90363699	0.59598884	1.0567422	0.5612411	-0.13800562	-1.0184056	-0.98230246	0.51629307	-1
-0.69885702	0.90363699	0.59598884	2.5726971	-1.7687598	1.2124779	-1.0184056	-0.98230246	-1.9227466	1
-0.69885702	0.90363699	0.59598884	3.3306745	-1.7687598	1.2124779	-1.0184056	-0.17646152	0.51629307	1
-0.69885702	0.90363699	1.059912	-0.45921259	-1.7687598	1.2124779	0.97475967	-0.98230246	-1.9227466	-1
-0.69885702	0.90363699	1.059912	-0.45921259	-1.7687598	1.2124779	0.97475967	-0.17646152	-1.9227466	-1
-0.69885702	0.90363699	1.059912	-0.45921259	0.5612411	-1.4884892	-1.0184056	-0.17646152	0.51629307	-1
-0.69885702	0.90363699	1.059912	-0.45921259	0.5612411	-1.4884892	0.97475967	-0.98230246	0.51629307	1
-0.69885702	0.90363699	1.059912	-0.45921259	0.5612411	-0.13800562	0.97475967	0.62937942	0.51629307	-1
-0.69885702	0.90363699	1.059912	1.8147196	-1.7687598	-0.13800562	0.97475967	-0.98230246	-1.9227466	-1
-0.69885702	0.90363699	1.059912	1.8147196	-1.7687598	-0.13800562	0.97475967	0.62937942	-1.9227466	-1
-0.69885702	0.90363699	1.5238351	-0.45921259	0.5612411	-1.4884892	-1.0184056	-0.17646152	0.51629307	1
-0.69885702	0.90363699	1.5238351	-0.45921259	0.5612411	-1.4884892	0.97475967	-0.98230246	0.51629307	-1
-0.69885702	0.90363699	1.5238351	-0.45921259	0.5612411	-0.13800562	0.97475967	-0.17646152	0.51629307	-1
-0.69885702	0.90363699	1.5238351	0.29876482	-1.7687598	1.2124779	0.97475967	-0.98230246	-1.9227466	-1
-0.69885702	0.90363699	1.9877582	-0.45921259	0.5612411	-0.13800562	-1.0184056	-0.17646152	-1.9227466	-1
-0.69885702	0.90363699	2.4516814	-0.45921259	0.5612411	-0.13800562	-1.0184056	-0.17646152	0.51629307	-1
-0.69885702	0.90363699	2.4516814	-0.45921259	0.5612411	-0.13800562	0.97475967	-0.17646152	-1.9227466	1
0.29847018	-2.6847186	-0.79578056	-0.45921259	0.5612411	-0.13800562	-1.0184056	-0.17646152	0.51629307	-1
0.29847018	-2.6847186	0.59598884	-0.45921259	0.5612411	1.2124779	0.97475967	-0.98230246	0.51629307	-1
0.29847018	-0.8905408	-2.18755	-0.45921259	0.5612411	-1.4884892	-1.0184056	-0.17646152	0.51629307	-1
0.29847018	-0.8905408	-2.18755	-0.45921259	0.5612411	-1.4884892	0.97475967	2.2410613	0.51629307	-1
0.29847018	-0.8905408	-2.18755	-0.45921259	0.5612411	-0.13800562	-1.0184056	2.2410613	0.51629307	-1
0.29847018	-0.8905408	-1.7236268	-0.45921259	0.5612411	-0.13800562	0.97475967	0.62937942	0.51629307	-1
0.29847018	-0.8905408	-1.2597037	-0.45921259	0.5612411	-1.4884892	-1.0184056	-0.98230246	0.51629307	-1
0.29847018	-0.8905408	-1.2597037	-0.45921259	0.5612411	-1.4884892	-1.0184056	-0.17646152	0.51629307	-1
0.29847018	-0.8905408	-1.2597037	-0.45921259	0.5612411	-1.4884892	0.97475967	-0.98230246	0.51629307	-1
0.29847018	-0.8905408	-1.2597037	-0.45921259	0.5612411	-0.13800562	-1.0184056	-0.17646152	0.51629307	-1
0.29847018	-0.8905408	-1.2597037	-0.45921259	0.5612411	-0.13800562	0.97475967	-0.17646152	0.51629307	-1
0.29847018	-0.8905408	-0.79578056	-0.45921259	-1.7687598	-0.13800562	-1.0184056	2.2410613	-1.9227466	-1
0.29847018	-0.8905408	-0.79578056	-0.45921259	0.5612411	-1.4884892	0.97475967	2.2410613	0.51629307	-1
0.29847018	-0.8905408	-0.79578056	-0.45921259	0.5612411	-0.13800562	0.97475967	-0.17646152	0.51629307	-1
0.29847018	-0.8905408	-0.79578056	-0.45921259	0.5612411	-0.13800562	0.97475967	0.62937942	0.51629307	-1
0.29847018	-0.8905408	-0.33185742	-0.45921259	-1.7687598	-0.13800562	0.97475967	-0.98230246	0.51629307	-1
0.29847018	-0.8905408	-0.33185742	-0.45921259	0.5612411	-1.4884892	0.97475967	-0.17646152	0.51629307	-1
0.29847018	-0.8905408	-0.33185742	-0.45921259	0.5612411	-0.13800562	-1.0184056	-0.98230246	0.51629307	1
0.29847018	-0.8905408	-0.33185742	-0.45921259	0.5612411	-0.13800562	0.97475967	-0.98230246	0.51629307	-1
0.29847018	-0.8905408	-0.33185742	-0.45921259	0.5612411	-0.13800562	0.97475967	2.2410613	0.51629307	1
0.29847018	-0.8905408	-0.33185742	-0.45921259	0.5612411	1.2124779	-1.0184056	-0.98230246	0.51629307	-1
0.29847018	-0.8905408	-0.33185742	-0.45921259	0.5612411	1.2124779	0.97475967	-0.98230246	0.51629307	-1
0.29847018	-0.8905408	-0.33185742	0.29876482	-1.7687598	-0.13800562	0.97475967	-0.98230246	0.51629307	-1
0.29847018	-0.8905408	-0.33185742	0.29876482	-1.7687598	1.2124779	0.97475967	0.62937942	0.51629307	1
0.29847018	-0.8905408	0.13206571	-0.45921259	0.5612411	-1.4884892	-1.0184056	-0.17646152	0.51629307	-1
0.29847018	-0.8905408	0.13206571	-0.45921259	0.5612411	-1.4884892	-1.0184056	1.4352204	0.51629307	-1
0.29847018	-0.8905408	0.13206571	-0.45921259	0.5612411	-0.13800562	-1.0184056	-0.17646152	0.51629307	-1
0.29847018	-0.8905408	0.13206571	-0.45921259	0.5612411	-0.13800562	0.97475967	-0.98230246	0.51629307	-1
0.29847018	-0.8905408	0.13206571	-0.45921259	0.5612411	1.2124779	-1.0184056	0.62937942	0.51629307	-1
0.29847018	-0.8905408	0.13206571	0.29876482	-1.7687598	1.2124779	0.97475967	-0.98230246	0.51629307	-1
0.29847018	-0.8905408	0.13206571	1.0567422	0.5612411	1.2124779	-1.0184056	-0.17646152	-1.9227466	1
0.29847018	-0.8905408	0.13206571	3.3306745	-1.7687598	1.2124779	0.97475967	-0.98230246	0.51629307	-1
0.29847018	-0.8905408	0.59598884	-0.45921259	0.5612411	-1.4884892	-1.0184056	-0.98230246	0.51629307	-1
0.29847018	-0.8905408	0.59598884	-0.45921259	0.5612411	-1.4884892	0.97475967	-0.17646152	0.51629307	-1
0.29847018	-0.8905408	0.59598884	-0.45921259	0.5612411	-1.4884892	0.97475967	0.62937942	0.51629307	-1
0.29847018	-0.8905408	0.59598884	-0.45921259	0.5612411	-1.4884892	0.97475967	2.2410613	0.51629307	-1
0.29847018	-0.8905408	0.59598884	-0.45921259	0.5612411	1.2124779	0.97475967	-0.17646152	0.51629307	-1
0.29847018	-0.8905408	0.59598884	0.29876482	0.5612411	1.2124779	-1.0184056	-0.17646152	0.51629307	1
0.29847018	-0.8905408	0.59598884	0.29876482	0.5612411	1.2124779	0.97475967	-0.98230246	0.51629307	1
0.29847018	-0.8905408	0.59598884	1.0567422	-1.7687598	-0.13800562	-1.0184056	-0.17646152	0.51629307	-1
0.29847018	-0.8905408	0.59598884	1.0567422	-1.7687598	-0.13800562	-1.0184056	1.4352204	-1.9227466	1
0.29847018	-0.8905408	0.59598884	1.0567422	-1.7687598	1.2124779	-1.0184056	1.4352204	0.51629307	1
0.29847018	-0.8905408	0.59598884	1.8147196	-1.7687598	1.2124779	-1.0184056	1.4352204	-1.9227466	1
0.29847018	-0.8905408	1.059912	-0.45921259	0.5612411	-0.13800562	-1.0184056	-0.98230246	0.51629307	-1
0.29847018	-0.8905408	1.059912	-0.45921259	0.5612411	-0.13800562	-1.0184056	-0.17646152	0.51629307	1
0.29847018	-0.8905408	1.059912	-0.45921259	0.5612411	1.2124779	-1.0184056	-0.98230246	0.51629307	-1
0.29847018	-0.8905408	1.059912	-0.45921259	0.5612411	1.2124779	-1.0184056	-0.17646152	0.51629307	-1
0.29847018	-0.8905408	1.059912	3.3306745	0.5612411	1.2124779	-1.0184056	-0.17646152	0.51629307	-1
0.29847018	-0.8905408	1.5238351	-0.45921259	0.5612411	-0.13800562	-1.0184056	-0.17646152	0.51629307	-1
0.29847018	-0.8905408	1.5238351	-0.45921259	0.5612411	1.2124779	-1.0184056	-0.98230246	0.51629307	-1
0.29847018	-0.8905408	1.5238351	-0.45921259	0.5612411	1.2124779	-1.0184056	0.62937942	0.51629307	-1
0.29847018	-0.8905408	1.5238351	-0.45921259	0.5612411	1.2124779	0.97475967	-0.98230246	0.51629307	-1
0.29847018	-0.8905408	1.5238351	0.29876482	-1.7687598	-0.13800562	-1.0184056	-0.17646152	0.51629307	-1
0.29847018	-0.8905408	1.5238351	1.0567422	-1.7687598	1.2124779	-1.0184056	-0.17646152	-1.9227466	1
0.29847018	-0.8905408	2.4516814	-0.45921259	0.5612411	-1.4884892	0.97475967	0.62937942	0.51629307	-1
0.29847018	0.90363699	-1.2597037	-0.45921259	0.5612411	-1.4884892	-1.0184056	-0.17646152	0.51629307	-1
0.29847018	0.90363699	-1.2597037	-0.45921259	0.5612411	-0.13800562	0.97475967	-0.98230246	0.51629307	-1
0.29847018	0.90363699	-1.2597037	-0.45921259	0.5612411	1.2124779	-1.0184056	-0.17646152	0.51629307	-1
0.29847018	0.90363699	-1.2597037	0.29876482	0.5612411	-1.4884892	0.97475967	-0.98230246	0.51629307	-1
0.29847018	0.90363699	-0.79578056	-0.45921259	0.5612411	-1.4884892	-1.0184056	-0.17646152	0.51629307	-1
0.29847018	0.90363699	-0.79578056	-0.45921259	0.5612411	-0.13800562	-1.0184056	-0.17646152	0.51629307	1
0.29847018	0.90363699	-0.79578056	-0.45921259	0.5612411	-0.13800562	0.97475967	-0.17646152	0.51629307	-1
0.29847018	0.90363699	-0.79578056	-0.45921259	0.5612411	-0.13800562	0.97475967	1.4352204	0.51629307	-1
0.29847018	0.90363699	-0.33185742	-0.45921259	0.5612411	-1.4884892	-1.0184056	-0.17646152	0.51629307	-1
0.29847018	0.90363699	-0.33185742	0.29876482	-1.7687598	-0.13800562	-1.0184056	-0.17646152	0.51629307	-1
0.29847018	0.90363699	0.13206571	-0.45921259	-1.7687598	-0.13800562	-1.0184056	-0.98230246	0.51629307	-1
0.29847018	0.90363699	0.13206571	-0.45921259	0.5612411	-1.4884892	-1.0184056	-0.17646152	0.51629307	-1
0.29847018	0.90363699	0.13206571	-0.45921259	0.5612411	-1.4884892	0.97475967	-0.98230246	0.51629307	-1
0.29847018	0.90363699	0.13206571	-0.45921259	0.5612411	-1.4884892	0.97475967	-0.98230246	0.51629307	1
0.29847018	0.90363699	0.13206571	-0.45921259	0.5612411	-0.13800562	-1.0184056	-0.17646152	0.51629307	-1
0.29847018	0.90363699	0.13206571	-0.45921259	0.5612411	-0.13800562	-1.0184056	0.62937942	0.51629307	1
0.29847018	0.90363699	0.13206571	-0.45921259	0.5612411	-0.13800562	0.97475967	1.4352204	0.51629307	-1
0.29847018	0.90363699	0.13206571	-0.45921259	0.5612411	1.2124779	0.97475967	-0.17646152	-1.9227466	1
0.29847018	0.90363699	0.13206571	0.29876482	-1.7687598	-0.13800562	-1.0184056	-0.17646152	-1.9227466	-1
0.29847018	0.90363699	0.13206571	0.29876482	-1.7687598	1.2124779	-1.0184056	-0.17646152	-1.9227466	1
0.29847018	0.90363699	0.13206571	0.29876482	0.5612411	-0.13800562	0.97475967	-0.98230246	-1.9227466	-1
0.29847018	0.90363699	0.59598884	-0.45921259	0.5612411	-1.4884892	-1.0184056	2.2410613	0.51629307	-1
0.29847018	0.90363699	0.59598884	-0.45921259	0.5612411	1.2124779	-1.0184056	-0.17646152	0.51629307	-1
0.29847018	0.90363699	0.59598884	-0.45921259	0.5612411	1.2124779	-1.0184056	0.62937942	0.51629307	1
0.29847018	0.90363699	0.59598884	-0.45921259	0.5612411	1.2124779	0.97475967	-0.98230246	-1.9227466	1
0.29847018	0.90363699	0.59598884	0.29876482	-1.7687598	-0.13800562	-1.0184056	-0.17646152	-1.9227466	-1
0.29847018	0.90363699	1.059912	-0.45921259	0.5612411	-0.13800562	0.97475967	-0.98230246	0.51629307	-1
0.29847018	0.90363699	1.059912	3.3306745	-1.7687598	1.2124779	0.97475967	0.62937942	0.51629307	1
0.29847018	0.90363699	1.5238351	-0.45921259	0.5612411	-0.13800562	-1.0184056	-0.98230246	0.51629307	-1
0.29847018	0.90363699	2.4516814	-0.45921259	-1.7687598	-0.13800562	0.97475967	-0.98230246	-1.9227466	-1
0.29847018	0.90363699	2.4516814	1.8147196	-1.7687598	-0.13800562	0.97475967	-0.98230246	0.51629307	1
1.2957974	-2.6847186	-1.2597037	-0.45921259	0.5612411	-1.4884892	-1.0184056	0.62937942	0.51629307	-1
1.2957974	-2.6847186	0.59598884	-0.45921259	0.5612411	-1.4884892	-1.0184056	-0.17646152	0.51629307	-1
1.2957974	-0.8905408	-1.7236268	-0.45921259	0.5612411	-1.4884892	-1.0184056	2.2410613	0.51629307	-1
1.2957974	-0.8905408	-1.2597037	-0.45921259	0.5612411	-1.4884892	-1.0184056	-0.98230246	0.51629307	-1
1.2957974	-0.8905408	-1.2597037	-0.45921259	0.5612411	-1.4884892	-1.0184056	-0.17646152	0.51629307	-1
1.2957974	-0.8905408	-1.2597037	-0.45921259	0.5612411	-1.4884892	0.97475967	-0.17646152	0.51629307	-1
1.2957974	-0.8905408	-1.2597037	-0.45921259	0.5612411	-0.13800562	-1.0184056	-0.17646152	0.51629307	-1
1.2957974	-0.8905408	-1.2597037	-0.45921259	0.5612411	-0.13800562	0.97475967	-0.98230246	-1.9227466	-1
1.2957974	-0.8905408	-1.2597037	1.0567422	-1.7687598	1.2124779	-1.0184056	-0.98230246	-1.9227466	1
1.2957974	-0.8905408	-0.79578056	-0.45921259	0.5612411	-1.4884892	-1.0184056	1.4352204	0.51629307	-1
1.2957974	-0.8905408	-0.79578056	-0.45921259	0.5612411	-1.4884892	0.97475967	-0.98230246	0.51629307	-1
1.2957974	-0.8905408	-0.79578056	-0.45921259	0.5612411	-0.13800562	-1.0184056	-0.98230246	-1.9227466	-1
1.2957974	-0.8905408	-0.79578056	-0.45921259	0.5612411	-0.13800562	-1.0184056	-0.17646152	0.51629307	-1
1.2957974	-0.8905408	-0.79578056	-0.45921259	0.5612411	-0.13800562	0.97475967	-0.98230246	0.51629307	-1
1.2957974	-0.8905408	-0.79578056	-0.45921259	0.5612411	-0.13800562	0.97475967	-0.17646152	0.51629307	-1
1.2957974	-0.8905408	-0.79578056	-0.45921259	0.5612411	1.2124779	0.97475967	-0.98230246	-1.9227466	-1
1.2957974	-0.8905408	-0.33185742	-0.45921259	0.5612411	-1.4884892	-1.0184056	-0.17646152	0.51629307	-1
1.2957974	-0.8905408	-0.33185742	-0.45921259	0.5612411	-1.4884892	0.97475967	-0.98230246	0.51629307	1
1.2957974	-0.8905408	-0.33185742	-0.45921259	0.5612411	-0.13800562	-1.0184056	-0.98230246	0.51629307	-1
1.2957974	-0.8905408	-0.33185742	-0.45921259	0.5612411	-0.13800562	0.97475967	-0.98230246	0.51629307	-1
1.2957974	-0.8905408	-0.33185742	-0.45921259	0.5612411	1.2124779	0.97475967	-0.17646152	0.51629307	1
1.2957974	-0.8905408	-0.33185742	0.29876482	0.5612411	-0.13800562	-1.0184056	-0.17646152	-1.9227466	1
1.2957974	-0.8905408	-0.33185742	5.6046067	-1.7687598	1.2124779	-1.0184056	-0.17646152	-1.9227466	1
1.2957974	-0.8905408	0.13206571	-0.45921259	0.5612411	-0.13800562	-1.0184056	-0.17646152	0.51629307	-1
1.2957974	-0.8905408	0.13206571	-0.45921259	0.5612411	-0.13800562	0.97475967	-0.17646152	0.51629307	-1
1.2957974	-0.8905408	0.13206571	-0.45921259	0.5612411	1.2124779	-1.0184056	-0.98230246	0.51629307	1
1.2957974	-0.8905408	0.13206571	-0.45921259	0.5612411	1.2124779	-1.0184056	1.4352204	-1.9227466	1
1.2957974	-0.8905408	0.13206571	-0.45921259	0.5612411	1.2124779	0.97475967	-0.98230246	0.51629307	-1
1.2957974	-0.8905408	0.13206571	-0.45921259	0.5612411	1.2124779	0.97475967	-0.17646152	0.51629307	-1
1.2957974	-0.8905408	0.13206571	0.29876482	0.5612411	-0.13800562	0.97475967	0.62937942	0.51629307	1
1.2957974	-0.8905408	0.59598884	-0.45921259	-1.7687598	-0.13800562	0.97475967	0.62937942	-1.9227466	1
1.2957974	-0.8905408	0.59598884	-0.45921259	0.5612411	-1.4884892	-1.0184056	-0.98230246	0.51629307	-1
1.2957974	-0.8905408	0.59598884	-0.45921259	0.5612411	-1.4884892	0.97475967	-0.98230246	0.51629307	-1
1.2957974	-0.8905408	0.59598884	-0.45921259	0.5612411	-0.13800562	-1.0184056	-0.98230246	0.51629307	-1
1.2957974	-0.8905408	0.59598884	-0.45921259	0.5612411	-0.13800562	-1.0184056	-0.17646152	-1.9227466	-1
1.2957974	-0.8905408	0.59598884	-0.45921259	0.5612411	-0.13800562	-1.0184056	-0.17646152	0.51629307	-1
1.2957974	-0.8905408	0.59598884	-0.45921259	0.5612411	1.2124779	-1.0184056	-0.17646152	0.51629307	-1
1.2957974	-0.8905408	0.59598884	-0.45921259	0.5612411	1.2124779	0.97475967	-0.98230246	-1.9227466	1
1.2957974	-0.8905408	0.59598884	-0.45921259	0.5612411	1.2124779	0.97475967	2.2410613	0.51629307	1
1.2957974	-0.8905408	0.59598884	0.29876482	-1.7687598	-0.13800562	-1.0184056	2.2410613	-1.9227466	1
1.2957974	-0.8905408	0.59598884	0.29876482	-1.7687598	1.2124779	-1.0184056	-0.17646152	0.51629307	-1
1.2957974	-0.8905408	0.59598884	1.0567422	-1.7687598	-0.13800562	0.97475967	0.62937942	0.51629307	-1
1.2957974	-0.8905408	1.059912	1.0567422	-1.7687598	1.2124779	-1.0184056	-0.17646152	0.51629307	1
1.2957974	-0.8905408	1.5238351	-0.45921259	0.5612411	-0.13800562	0.97475967	-0.17646152	0.51629307	1
1.2957974	-0.8905408	1.5238351	0.29876482	-1.7687598	1.2124779	0.97475967	-0.17646152	0.51629307	1
1.2957974	-0.8905408	1.5238351	0.29876482	0.5612411	-0.13800562	0.97475967	-0.98230246	-1.9227466	-1
1.2957974	-0.8905408	1.9877582	-0.45921259	0.5612411	-1.4884892	0.97475967	0.62937942	-1.9227466	1
1.2957974	-0.8905408	1.9877582	1.0567422	-1.7687598	1.2124779	-1.0184056	2.2410613	0.51629307	-1
1.2957974	-0.8905408	2.4516814	-0.45921259	0.5612411	-0.13800562	-1.0184056	-0.17646152	0.51629307	-1
1.2957974	-0.8905408	2.4516814	-0.45921259	0.5612411	-0.13800562	0.97475967	-0.98230246	-1.9227466	-1
1.2957974	-0.8905408	2.4516814	-0.45921259	0.5612411	1.2124779	0.97475967	-0.98230246	0.51629307	1
2.2931246	-0.8905408	-2.18755	-0.45921259	0.5612411	-1.4884892	-1.0184056	1.4352204	0.51629307	-1
2.2931246	-0.8905408	-1.2597037	-0.45921259	0.5612411	-0.13800562	-1.0184056	2.2410613	0.51629307	-1
2.2931246	-0.8905408	-0.33185742	-0.45921259	0.5612411	1.2124779	-1.0184056	-0.98230246	0.51629307	-1
2.2931246	-0.8905408	1.5238351	-0.45921259	0.5612411	-1.4884892	0.97475967	-0.98230246	0.51629307	-1
2.2931246	-0.8905408	1.5238351	-0.45921259	0.5612411	-1.4884892	0.97475967	0.62937942	0.51629307	-1
