-1.1411079	-1.9984141	-0.47042568	-1.2873733	-0.69243932	-1.3054755	0.79414727	2.8706165	-1
-1.1411079	-1.6856465	0.35619962	-1.2873733	-0.69243932	1.687868	-0.83867287	1.0849374	-1
-1.1411079	-1.4979859	-3.5702706	-1.2873733	-0.69243932	-1.3815775	-0.3919864	-0.70074177	-1
-1.1411079	-1.4667091	-0.88373833	-0.66050117	-0.38005864	-0.53177231	-0.61231148	-0.95583878	-1
-1.1411079	-1.3416021	0.9761686	0.53055581	-0.34534968	0.62244065	-0.11431643	-1.0408711	-1
-1.1411079	-1.1539415	-0.26376935	0.091745343	-0.11974141	0.4829204	0.22069842	-1.0408711	-1
-1.1411079	-1.1539415	0.66618411	0.65593023	0.39221582	0.78732822	-0.72096494	-0.87080644	-1
-1.1411079	-1.091388	-0.057113028	0.71861743	-0.69243932	0.4829204	-0.70587419	-0.70074177	-1
-1.1411079	-0.93500417	-0.057113028	0.71861743	1.1297813	1.0029504	-0.27427848	-0.70074177	-1
-1.1411079	-0.93500417	0.56285595	-1.2873733	-0.69243932	0.051676001	0.38971492	-0.53067709	-1
-1.1411079	-0.87245064	-0.47042568	-1.2873733	-0.69243932	0.41950211	-0.63042039	-0.70074177	-1
-1.1411079	-0.87245064	-0.47042568	0.27980697	0.10586686	-0.41761938	0.18146245	-0.95583878	-1
-1.1411079	-0.87245064	1.5961376	1.1574279	-0.067677962	1.4468785	1.6573387	0.14958163	-1
-1.1411079	-0.84117388	-3.5702706	-1.2873733	-0.69243932	-4.0578295	-0.65154745	-0.70074177	-1
-1.1411079	-0.84117388	0.046215135	0.40518139	0.30544341	1.4595621	-0.37689564	-1.0408711	-1
-1.1411079	-0.80989712	-0.26376935	1.1574279	0.218671	1.5990824	-0.31955075	-0.95583878	-1
-1.1411079	-0.80989712	0.56285595	1.5335512	0.10586686	0.57170601	-0.42820422	-0.61570943	-1
-1.1411079	-0.80989712	0.82117636	0.27980697	-0.38005864	0.68585894	-0.67871082	-0.78577411	1
-1.1411079	-0.74734359	-0.26376935	0.96936627	0.17528479	0.60975699	0.38669677	-0.70074177	-1
-1.1411079	-0.71606683	0.66618411	-0.34706512	0.036448932	-0.86154744	-0.52176692	-0.95583878	-1
-1.1411079	-0.68479006	-3.5702706	-1.2873733	-0.69243932	-0.88691476	-0.66060191	-0.95583878	-1
-1.1411079	-0.6535133	0.046215135	0.34249418	-0.25857727	-0.15126254	0.37764232	-1.0408711	-1
-1.1411079	-0.6535133	0.9761686	2.4738593	0.2620572	1.8781229	1.4792677	-0.19054773	-1
-1.1411079	-0.62223654	-0.36709752	-1.2873733	-0.69243932	-1.2801082	-0.41009531	-0.70074177	-1
-1.1411079	-0.62223654	-0.26376935	-0.2216907	-0.69243932	-1.3942611	-0.66362006	-1.0408711	-1
-1.1411079	-0.62223654	-0.21210527	0.4678686	-0.69243932	-0.93764939	-0.70889234	-0.95583878	-1
-1.1411079	-0.62223654	0.35619962	-1.2873733	-0.69243932	0.47023674	-0.82660026	-0.61570943	-1
-1.1411079	-0.59095977	-0.88373833	-1.2873733	-0.69243932	-0.8742311	-1.1887785	-1.0408711	-1
-1.1411079	-0.59095977	-0.26376935	1.5962384	-0.015614515	1.091736	0.072808983	-1.0408711	-1
-1.1411079	-0.59095977	0.30453554	0.15443255	-0.69243932	-4.0578295	0.30218852	-1.0408711	-1
-1.1411079	-0.59095977	0.45952779	1.2201151	0.088512379	0.31803284	-0.70587419	-0.78577411	-1
-1.1411079	-0.59095977	0.87284044	-0.2216907	0.218671	-0.34151742	0.67342119	-0.53067709	-1
-1.1411079	-0.52840625	-0.26376935	0.15443255	0.31412065	-0.53177231	-0.053953394	-0.87080644	-1
-1.1411079	-0.52840625	-0.26376935	1.0320535	-0.13709589	0.20387991	0.11506311	-0.95583878	1
-1.1411079	-0.52840625	0.35619962	-1.2873733	-0.69243932	-1.7240362	0.33237004	-0.53067709	-1
-1.1411079	-0.49712949	-0.26376935	1.2828023	0.53972892	1.205889	-0.90205405	-0.95583878	-1
-1.1411079	-0.49712949	-0.057113028	0.091745343	-0.69243932	-1.5210977	-0.71191049	-0.95583878	-1
-1.1411079	-0.49712949	0.76951228	-1.2873733	-0.69243932	-0.51908865	0.81225618	2.4454548	1
-1.1411079	-0.49712949	1.0794968	-1.2873733	-0.69243932	-0.30346645	-0.82961841	1.0849374	-1
-1.1411079	-0.46585272	0.046215135	1.0320535	0.59179237	0.93953212	0.40178753	-0.95583878	-1
-1.1411079	-0.43457596	-0.47042568	0.27980697	-0.69243932	-0.70934353	-1.0227801	-0.87080644	-1
-1.1411079	-0.43457596	-0.36709752	0.59324302	-0.050323479	0.58438967	0.86054661	-0.70074177	1
-1.1411079	-0.43457596	0.35619962	-1.2873733	-0.69243932	1.687868	0.64625783	-0.78577411	-1
-1.1411079	-0.4032992	-0.057113028	-0.033629076	-0.69243932	-0.5951906	0.95109116	-0.10551539	-1
-1.1411079	-0.37202243	0.9761686	0.59324302	-0.69243932	0.06435966	1.1563255	0.40467865	1
-1.1411079	-0.30946891	-0.21210527	-1.2873733	-0.69243932	-0.93764939	0.56778588	-0.19054773	-1
-1.1411079	-0.24691538	0.35619962	-1.2873733	-0.69243932	0.16582893	-0.58514811	-0.87080644	1
-1.1411079	-0.24691538	0.56285595	-0.28437791	-0.69243932	-0.12589522	1.2136704	-1.0408711	-1
-1.1411079	-0.21563862	0.56285595	0.84399185	1.7805744	1.5483477	-0.92016296	-0.53067709	-1
-1.1411079	-0.12180833	-3.5702706	-1.2873733	-0.69243932	0.22924723	1.3887232	0.91487268	-1
-1.1411079	-0.12180833	-0.16044119	0.65593023	0.93888201	-0.15126254	0.063754527	-0.95583878	-1
-1.1411079	-0.12180833	0.56285595	0.65593023	-0.23254554	1.6751843	-1.1555788	-0.78577411	-1
-1.1411079	-0.090531568	-0.26376935	0.15443255	0.079835138	-4.0578295	3.8002265	-1.0408711	-1
-1.1411079	-0.090531568	0.76951228	1.6589256	1.3033261	1.7512863	0.23880733	-0.19054773	1
-1.1411079	-0.059254805	-3.5702706	-1.2873733	-0.69243932	0.051676001	-0.99863491	-0.78577411	1
-1.1411079	-0.059254805	-0.26376935	-0.15900349	0.10586686	0.36876747	0.76396575	-0.87080644	-1
-1.1411079	-0.059254805	-0.16044119	0.40518139	-0.69243932	0.86343017	-0.642493	-0.95583878	-1
-1.1411079	-0.027978042	0.25287146	-0.15900349	-0.14577313	-0.18931352	-0.56402105	-0.61570943	-1
-1.1411079	0.0032987211	-0.16044119	0.59324302	0.73930547	0.29266552	-0.8115095	-0.020483051	1
-1.1411079	0.065852247	0.1495433	-1.2873733	-0.69243932	0.5463387	-0.64551115	1.5951314	1
-1.1411079	0.065852247	0.9761686	1.0320535	-0.69243932	0.40681845	-0.82961841	-0.36061241	-1
-1.1411079	0.09712901	-0.67708201	-0.47243954	0.218671	-1.2927918	-0.059989697	-1.0408711	-1
-1.1411079	0.09712901	0.046215135	-0.033629076	-0.69243932	-0.58250694	-0.65758376	0.23461397	1
-1.1411079	0.12840577	-0.057113028	-1.2873733	-0.69243932	-0.92496573	-0.80245504	-1.0408711	-1
-1.1411079	0.12840577	1.3894813	-1.2873733	-0.69243932	-1.2040062	-0.63343854	-1.0408711	-1
-1.1411079	0.15968254	0.76951228	0.53055581	1.1731675	-0.1639462	0.14524463	-0.78577411	-1
-1.1411079	0.15968254	0.87284044	0.40518139	0.34882961	-0.58250694	0.13015387	-1.0408711	-1
-1.1411079	0.1909593	0.56285595	1.0320535	1.1297813	0.5463387	1.0023997	-0.87080644	-1
-1.1411079	0.22223606	-0.057113028	-0.096316285	0.86946408	-0.18931352	2.7740549	-0.70074177	1
-1.1411079	0.25351282	0.56285595	-1.2873733	-0.69243932	-0.10052791	0.69756641	-0.36061241	-1
-1.1411079	0.25351282	2.1127784	1.5962384	0.43560203	4.4529056	-0.46140389	-0.61570943	1
-1.1411079	0.31606635	-3.5702706	-1.2873733	-0.69243932	1.4215112	-0.60929333	-0.61570943	1
-1.1411079	0.31606635	-0.16044119	1.2201151	-0.69243932	0.29266552	-0.83263656	-0.95583878	1
-1.1411079	0.31606635	0.9761686	-1.2873733	-0.69243932	-0.04979327	0.81829248	-0.10551539	1
-1.1411079	0.34734311	0.45952779	-1.2873733	-0.69243932	0.051676001	-0.23806065	-1.0408711	-1
-1.1411079	0.40989664	-0.57375384	-0.033629076	1.8326379	-0.70934353	-0.36180488	-1.0408711	-1
-1.1411079	0.4411734	-0.057113028	1.3454895	1.476871	1.3073582	-0.3225689	-0.78577411	1
-1.1411079	0.4411734	1.2861531	1.5962384	0.56576064	1.091736	-0.5670392	-0.61570943	-1
-1.1411079	0.50372693	-1.5037073	0.90667906	0.76533719	1.4088275	5.481337	-0.020483051	1
-1.1411079	0.50372693	-0.057113028	-0.40975233	0.59179237	-0.91228207	-0.99259861	-1.0408711	-1
-1.1411079	0.50372693	0.046215135	1.0947407	-0.69243932	0.15314527	-0.91110851	-0.95583878	-1
-1.1411079	0.50372693	0.76951228	0.40518139	-0.69243932	-0.5951906	-0.72700125	2.1903578	-1
-1.1411079	0.53500369	-3.5702706	-1.2873733	-0.69243932	0.5463387	1.3917413	-0.70074177	1
-1.1411079	0.53500369	-0.47042568	0.90667906	0.75665995	0.3307165	0.18749875	-1.0408711	1
-1.1411079	0.56628045	-0.36709752	-0.2216907	1.1297813	-1.2547409	-0.79943689	-1.0408711	-1
-1.1411079	0.59755722	-0.21210527	0.34249418	0.43560203	1.3454092	-0.12337089	-0.78577411	1
-1.1411079	0.62883398	-3.5702706	-1.2873733	-0.69243932	1.3200419	-0.8054732	-0.36061241	1
-1.1411079	0.62883398	0.76951228	0.34249418	-0.69243932	0.051676001	-0.11733458	-0.95583878	-1
-1.1411079	0.75394103	-3.5702706	-1.2873733	-0.69243932	1.5483477	0.47724133	-0.19054773	1
-1.1411079	0.78521779	0.046215135	-1.2873733	-0.69243932	0.74927724	-0.41613161	-0.44564475	1
-1.1411079	0.78521779	0.66618411	-1.2873733	-0.69243932	1.0790524	3.9511341	0.91487268	-1
-1.1411079	0.81649456	0.82117636	2.097736	-0.69243932	1.3707765	-0.29238739	-0.78577411	-1
-1.1411079	0.94160161	1.0794968	1.5962384	-0.69243932	1.2819909	-0.30445999	-1.0408711	1
-1.1411079	0.97287837	0.66618411	1.1574279	1.6677703	1.205889	-0.60929333	-0.53067709	-1
-1.1411079	1.2543692	-0.9870665	-1.2873733	-0.69243932	-1.2801082	-0.65758376	2.7005518	-1
-1.1411079	1.285646	0.35619962	0.96936627	-0.69243932	2.2332653	-0.32558706	-0.61570943	1
-1.1411079	1.285646	0.35619962	2.2231105	0.17528479	2.689877	0.86658291	-0.70074177	1
-1.1411079	1.3794763	0.35619962	1.4081767	1.5202572	2.0176431	-0.642493	-0.61570943	-1
-1.1411079	1.3794763	1.0794968	0.78130464	5.2080847	2.5757241	-0.13544349	-0.87080644	-1
-1.1411079	1.4420298	-3.5702706	-1.2873733	-0.69243932	0.038992342	1.1080351	-0.27558007	1
-1.1411079	1.6296904	0.45952779	0.71861743	1.6070296	1.8400719	2.0738436	2.1053254	-1
-1.1411079	1.7547974	-0.47042568	0.53055581	3.4552819	0.3307165	1.8112644	-1.0408711	1
-1.1411079	1.817351	-0.9870665	0.96936627	0.68724202	0.73659358	-0.050935242	-0.95583878	1
-1.1411079	1.817351	1.0794968	0.40518139	-0.69243932	1.5356641	0.64625783	-0.87080644	1
-1.1411079	1.8486277	-0.16044119	1.1574279	-0.69243932	1.2693073	4.2891671	-0.70074177	1
-1.1411079	1.8486277	0.45952779	2.6619209	-0.57095795	3.4762639	5.8797331	-0.70074177	1
-1.1411079	1.8486277	1.0794968	0.34249418	0.088512379	0.57170601	-0.47649465	0.14958163	1
-1.1411079	1.8799045	0.9761686	1.4708639	3.7329537	1.4341948	-0.75416461	-0.61570943	1
-1.1411079	2.0988418	0.66618411	-0.40975233	0.91285029	0.00094136531	0.63418522	-0.95583878	1
-1.1411079	2.1301186	1.8027939	0.27980697	-0.69243932	0.29266552	-0.11129828	0.65977566	1
-1.1411079	2.4116095	-0.16044119	0.71861743	1.6851248	1.1805216	0.090917894	-0.44564475	1
-0.84433482	-3.7811896	-1.0903947	-0.033629076	-0.69243932	-0.92496573	-1.0016531	-0.95583878	-1
-0.84433482	-3.7811896	-0.057113028	0.90667906	-0.69243932	0.00094136531	-0.25013326	-0.95583878	-1
-0.84433482	-3.7811896	0.25287146	-0.033629076	-0.49286278	-0.54445597	-0.52176692	-1.0408711	-1
-0.84433482	-1.5605394	-1.0903947	-0.15900349	-0.032968997	-1.4703631	-0.44933128	-0.95583878	-1
-0.84433482	-1.5605394	-0.36709752	-1.2873733	-0.69243932	-1.2927918	-0.16864316	-0.61570943	-1
-0.84433482	-1.5605394	0.45952779	1.8469872	-0.30196347	0.15314527	-0.15053425	-1.0408711	-1
-0.84433482	-1.4979859	-0.9870665	-0.66050117	-0.69243932	-1.1405879	-0.67569267	-1.0408711	-1
-0.84433482	-1.3728788	-0.67708201	0.59324302	-0.20651382	0.16582893	2.3515136	-0.78577411	-1
-0.84433482	-1.3103253	-0.47042568	1.3454895	-0.27593175	1.4595621	0.62211261	-0.87080644	-1
-0.84433482	-1.3103253	0.30453554	0.59324302	-0.69243932	0.00094136531	-0.2290062	-0.95583878	-1
-0.84433482	-1.3103253	0.56285595	0.27980697	-0.3713814	-0.83618012	0.33538819	-0.95583878	-1
-0.84433482	-1.2790486	-0.72874609	-1.2873733	-0.69243932	-1.6352506	-0.64551115	-1.0408711	-1
-0.84433482	-1.2790486	0.25287146	-0.59781396	-0.17180486	-0.25273181	0.16637169	-0.95583878	-1
-0.84433482	-1.2477718	0.1495433	-0.15900349	-0.34534968	-0.68397621	-0.57005735	-0.78577411	-1
-0.84433482	-1.2477718	0.25287146	1.2828023	-0.19783658	1.8147046	1.8837001	-0.10551539	-1
-0.84433482	-1.216495	-0.26376935	-0.47243954	0.13189858	-1.3688938	-0.17166131	-0.87080644	-1
-0.84433482	-1.1852183	-0.057113028	-1.2873733	-0.69243932	-1.7494036	0.45913241	-0.53067709	-1
-0.84433482	-1.1539415	-0.26376935	0.15443255	0.30544341	0.62244065	-0.0026448127	-0.44564475	-1
-0.84433482	-1.1226647	-0.16044119	0.53055581	-0.69243932	-0.68397621	-0.36482303	-0.19054773	-1
-0.84433482	-1.091388	-0.16044119	1.9723616	-0.12841865	1.1805216	1.3434509	-0.36061241	-1
-0.84433482	-1.0601112	-0.47042568	1.0320535	-0.041646238	0.66049163	0.11204496	-0.95583878	-1
-0.84433482	-1.0601112	-0.057113028	0.84399185	-0.024291756	0.71122626	-0.21391544	-0.78577411	-1
-0.84433482	-1.0601112	0.45952779	0.40518139	-0.41476761	0.3307165	-1.119361	-0.95583878	-1
-0.84433482	-1.0288345	-2.0203481	1.3454895	0.16660755	2.9181829	0.072808983	-0.61570943	1
-0.84433482	-1.0288345	-0.36709752	0.21711976	-0.31064071	-0.26541547	-0.15053425	-0.87080644	-1
-0.84433482	-1.0288345	0.45952779	0.53055581	-0.032968997	0.00094136531	-0.3225689	-0.36061241	-1
-0.84433482	-0.99755769	-2.3303326	-0.096316285	-0.4755083	-0.53177231	0.26295255	-1.0408711	-1
-0.84433482	-0.99755769	-0.16044119	0.15443255	0.12322134	-0.49372133	-0.92016296	-1.0408711	-1
-0.84433482	-0.99755769	0.35619962	0.84399185	-0.3713814	-0.10052791	-0.84470917	-0.87080644	-1
-0.84433482	-0.96628093	-0.36709752	-0.53512675	-0.31931796	-0.60787426	0.32633373	-0.78577411	-1
-0.84433482	-0.96628093	-0.36709752	-0.15900349	-0.1804821	-0.8742311	2.4028222	-0.70074177	-1
-0.84433482	-0.96628093	-0.057113028	-0.78587559	-0.69243932	-0.95033305	2.0104624	0.23461397	-1
-0.84433482	-0.93500417	-0.78041017	0.27980697	0.17528479	-0.86154744	-0.71794679	-0.87080644	-1
-0.84433482	-0.93500417	-0.26376935	0.21711976	-0.69243932	-0.35420108	-0.84470917	-1.0408711	-1
-0.84433482	-0.9037274	-0.36709752	0.27980697	-0.33667244	-1.584516	0.030554857	-0.70074177	-1
-0.84433482	-0.87245064	-0.67708201	-0.59781396	-0.69243932	-1.2040062	-0.16562501	-0.95583878	-1
-0.84433482	-0.87245064	0.046215135	0.65593023	-0.69243932	-0.20199718	-0.4734765	-0.87080644	-1
-0.84433482	-0.80989712	-0.47042568	-0.15900349	-0.18915934	-1.026435	-0.63947485	-0.95583878	-1
-0.84433482	-0.80989712	-0.16044119	-0.47243954	-0.36270416	-1.5718323	-0.41613161	-0.70074177	-1
-0.84433482	-0.80989712	0.25287146	0.029058133	-0.05900072	-0.77276183	0.60702185	0.23461397	-1
-0.84433482	-0.80989712	0.66618411	0.27980697	0.86946408	0.38145113	-0.72096494	0.82984034	1
-0.84433482	-0.77862035	-0.26376935	0.40518139	0.062480656	0.15314527	-0.55194844	-1.0408711	-1
-0.84433482	-0.77862035	2.7327474	-1.2873733	-0.69243932	-1.2166899	-0.79943689	-0.53067709	-1
-0.84433482	-0.74734359	-0.26376935	-0.096316285	0.01909445	-1.7494036	-0.52176692	-1.0408711	-1
-0.84433482	-0.74734359	-0.16044119	-0.34706512	0.52237444	-1.1152206	0.045645616	-0.95583878	-1
-0.84433482	-0.74734359	-0.057113028	0.029058133	-0.69243932	-0.60787426	1.8806819	-0.95583878	-1
-0.84433482	-0.74734359	0.046215135	-0.34706512	-0.69243932	-1.7494036	-0.980526	-1.0408711	-1
-0.84433482	-0.74734359	0.046215135	1.2201151	-0.69243932	0.77464456	-0.76623722	-0.27558007	-1
-0.84433482	-0.68479006	-0.57375384	-0.66050117	-0.69243932	-0.83618012	0.23880733	-1.0408711	-1
-0.84433482	-0.68479006	0.1495433	0.59324302	-0.53624898	0.83806285	-0.18071577	-1.0408711	-1
-0.84433482	-0.6535133	-0.16044119	-0.34706512	-0.20651382	-1.064486	0.58589479	-0.61570943	-1
-0.84433482	-0.6535133	-0.16044119	0.53055581	1.0082999	0.00094136531	-0.084134912	0.744808	-1
-0.84433482	-0.6535133	0.1495433	-0.53512675	-0.085032444	-0.84886378	0.56174958	-0.44564475	-1
-0.84433482	-0.6535133	0.25287146	-0.53512675	-0.29328623	-1.584516	-0.9744897	-0.44564475	-1
-0.84433482	-0.62223654	-0.9870665	-0.34706512	-0.38005864	-0.98838403	0.16335354	-0.61570943	-1
-0.84433482	-0.59095977	0.25287146	-1.2873733	-0.69243932	0.95221578	-0.53987584	0.744808	1
-0.84433482	-0.55968301	-2.0203481	1.0947407	0.027771691	1.4341948	-0.87187254	-0.020483051	-1
-0.84433482	-0.55968301	0.56285595	-0.59781396	0.01909445	-1.5971997	0.057718224	-0.95583878	-1
-0.84433482	-0.49712949	-0.57375384	-1.2873733	-0.69243932	-0.97570037	-0.85979993	-1.0408711	-1
-0.84433482	-0.46585272	0.046215135	0.4678686	0.47898823	0.27998186	-0.99561676	-0.95583878	-1
-0.84433482	-0.46585272	0.35619962	-1.2873733	-0.69243932	0.6985426	-0.82961841	-0.61570943	-1
-0.84433482	-0.43457596	-0.9870665	-0.096316285	-0.69243932	-0.46835401	-0.87790884	-0.36061241	-1
-0.84433482	-0.43457596	-0.057113028	-0.096316285	-0.69243932	-0.69665987	-0.92619927	-0.78577411	-1
-0.84433482	-0.43457596	0.1495433	0.59324302	0.01909445	-0.15126254	1.0537083	-0.78577411	-1
-0.84433482	-0.4032992	-0.47042568	1.5962384	0.8521096	0.44486943	-0.17166131	-0.78577411	-1
-0.84433482	-0.4032992	0.9761686	-0.096316285	-0.69243932	-0.62055792	-0.21693359	-0.78577411	-1
-0.84433482	-0.37202243	-1.6070355	-0.15900349	0.34882961	-1.1279043	-0.19580653	-0.61570943	-1
-0.84433482	-0.37202243	-0.67708201	0.029058133	0.47898823	-0.86154744	1.0899261	-0.87080644	-1
-0.84433482	-0.37202243	-0.57375384	-0.15900349	0.31412065	-0.4429867	-0.76321907	-0.95583878	-1
-0.84433482	-0.37202243	-0.47042568	-0.78587559	0.88681857	-0.83618012	1.4339955	-1.0408711	-1
-0.84433482	-0.30946891	-0.36709752	-0.47243954	0.88681857	-1.0137513	-1.0076894	-0.87080644	-1
-0.84433482	-0.30946891	0.87284044	-0.096316285	-0.69243932	-0.24004815	-0.99259861	-0.87080644	-1
-0.84433482	-0.30946891	1.2861531	-1.2873733	-0.69243932	0.10241064	-0.62438409	0.99990502	-1
-0.84433482	-0.27819215	0.1495433	0.59324302	0.83475512	0.30534918	0.16938984	-0.70074177	-1
-0.84433482	-0.27819215	0.56285595	1.5335512	0.45295651	0.35608381	-0.76925537	-0.78577411	-1
-0.84433482	-0.24691538	-0.26376935	0.90667906	-0.69243932	0.20387991	0.21466212	-1.0408711	1
-0.84433482	-0.21563862	-0.16044119	0.96936627	1.0430089	0.77464456	-0.55194844	-1.0408711	-1
-0.84433482	-0.18436186	0.046215135	0.59324302	0.14057583	0.3307165	0.17240799	-0.10551539	1
-0.84433482	-0.15308509	0.046215135	0.4678686	-0.69243932	-0.58250694	-0.80849135	-1.0408711	-1
-0.84433482	-0.15308509	0.45952779	0.53055581	0.86946408	0.52097138	0.072808983	-0.70074177	-1
-0.84433482	-0.12180833	-0.47042568	0.15443255	0.22734824	0.22924723	-0.017735572	-0.53067709	-1
-0.84433482	-0.12180833	0.9761686	0.21711976	0.56576064	0.31803284	-0.20787914	0.57474333	1
-0.84433482	-0.090531568	-0.57375384	0.96936627	0.12322134	0.16582893	-0.63645669	-0.87080644	-1
-0.84433482	-0.059254805	-1.297051	1.6589256	-0.14577313	0.44486943	-0.57911181	-0.70074177	-1
-0.84433482	-0.059254805	-0.78041017	-0.47243954	-0.25857727	-1.2293735	-0.8054732	-0.78577411	-1
-0.84433482	-0.059254805	0.87284044	1.1574279	1.2165537	1.725919	1.0144723	-0.36061241	1
-0.84433482	-0.059254805	0.9761686	1.2828023	0.78269167	1.687868	0.10600865	-0.61570943	-1
-0.84433482	-0.027978042	0.56285595	1.7216128	1.0430089	0.87611383	2.0828981	0.65977566	-1
-0.84433482	0.0032987211	0.45952779	1.1574279	-0.050323479	0.88879749	-0.63645669	-0.44564475	-1
-0.84433482	0.034575484	-0.26376935	0.71861743	0.6612103	0.39413479	0.66436674	-0.27558007	1
-0.84433482	0.034575484	1.0794968	1.9096744	1.2165537	2.245949	-0.44329498	-0.19054773	1
-0.84433482	0.09712901	-0.47042568	0.71861743	-0.69243932	0.4829204	0.12713572	-1.0408711	-1
-0.84433482	0.09712901	0.25287146	0.96936627	-0.69243932	-0.53177231	-1.1223791	-0.27558007	-1
-0.84433482	0.12840577	-0.9870665	1.2201151	0.75665995	0.16582893	1.4792677	-0.44564475	1
-0.84433482	0.12840577	0.046215135	0.21711976	0.2620572	-0.97570037	-0.75718277	-0.70074177	-1
-0.84433482	0.15968254	-0.67708201	0.53055581	0.62650133	-0.41761938	0.99334529	-1.0408711	-1
-0.84433482	0.15968254	-0.47042568	-1.2873733	-0.69243932	-0.24004815	-0.37085933	1.1699697	1
-0.84433482	0.22223606	-1.0903947	1.5335512	0.99094546	1.0790524	0.42593274	-0.78577411	1
-0.84433482	0.22223606	0.66618411	-0.2216907	0.89549581	-0.56982328	-1.0771069	-0.95583878	-1
-0.84433482	0.22223606	0.9761686	1.1574279	0.2620572	0.57170601	1.7659922	0.31964631	1
-0.84433482	0.22223606	1.4928094	1.2828023	-0.18915934	0.00094136531	2.5627842	-0.020483051	1
-0.84433482	0.28478959	-0.47042568	0.15443255	0.78269167	-0.43030304	0.66436674	-1.0408711	-1
-0.84433482	0.28478959	0.046215135	-0.47243954	0.218671	-0.77276183	0.00037333909	-0.95583878	-1
-0.84433482	0.31606635	-0.26376935	-0.40975233	2.9086158	-1.0518023	-0.25013326	-1.0408711	-1
-0.84433482	0.37861988	1.6994657	0.4678686	0.52237444	0.10241064	-0.71794679	0.99990502	1
-0.84433482	0.4411734	-0.78041017	-1.2873733	-0.69243932	-0.67129255	0.64927598	2.4454548	-1
-0.84433482	0.47245017	0.25287146	1.8469872	1.0777179	0.68585894	-0.21995174	-0.78577411	-1
-0.84433482	0.53500369	0.66618411	-1.2873733	-0.69243932	1.0283177	-0.71191049	-0.44564475	-1
-0.84433482	0.56628045	-1.1937228	-0.096316285	0.027771691	-0.41761938	0.54967697	-0.95583878	-1
-0.84433482	0.56628045	-0.36709752	1.2828023	3.4726364	1.1044197	0.19353506	-1.0408711	-1
-0.84433482	0.59755722	0.25287146	0.34249418	0.86946408	-1.0010677	1.0748354	-0.87080644	-1
-0.84433482	0.69138751	0.25287146	0.091745343	-0.16312761	-0.73471085	-0.65154745	-1.0408711	-1
-0.84433482	0.69138751	0.76951228	0.15443255	1.9975054	1.3200419	1.823337	-0.95583878	-1
-0.84433482	0.69138751	0.87284044	0.59324302	2.1710503	-0.24004815	1.2679971	-0.87080644	-1
-0.84433482	0.72266427	0.66618411	1.2201151	-0.69243932	1.1805216	0.40782383	-0.44564475	-1
-0.84433482	0.72266427	0.66618411	1.5962384	0.86946408	1.7893373	-0.41311346	1.0849374	1
-0.84433482	0.78521779	-0.67708201	-1.2873733	-0.69243932	-0.29078279	0.27804331	-0.36061241	-1
-0.84433482	0.81649456	1.2861531	1.2828023	-0.69243932	2.1952144	-0.34369597	-0.53067709	1
-0.84433482	0.87904808	-0.057113028	0.53055581	0.4095703	-0.34151742	-0.37085933	0.744808	1
-0.84433482	0.94160161	-0.47042568	-1.2873733	-0.69243932	-0.74739451	-0.88394514	-0.95583878	-1
-0.84433482	1.0041551	0.66618411	1.3454895	3.5160226	1.091736	0.64927598	-0.87080644	-1
-0.84433482	1.1292622	0.1495433	0.029058133	0.76533719	-0.8108128	-1.0529616	-0.78577411	-1
-0.84433482	1.3169228	0.1495433	-1.2873733	-0.69243932	0.88879749	2.2639872	-0.020483051	1
-0.84433482	1.3481995	0.66618411	1.4081767	-0.11106417	0.10241064	-0.39500455	1.4250667	-1
-0.84433482	1.4420298	0.25287146	-0.2216907	0.5570834	-1.0898533	-0.075080456	-0.020483051	1
-0.84433482	1.4733066	0.9761686	0.53055581	-0.69243932	0.38145113	1.3072331	1.5951314	1
-0.84433482	1.5984136	-0.057113028	1.7843	4.3316833	1.3200419	0.69454826	-0.44564475	1
-0.84433482	1.6296904	0.25287146	-1.2873733	-0.69243932	0.60975699	-1.158597	0.40467865	1
-0.84433482	1.8486277	-3.5702706	-1.2873733	-0.69243932	1.4341948	-0.57307551	0.65977566	1
-0.84433482	1.8799045	-0.26376935	0.59324302	0.86946408	0.2672982	-0.43424052	0.40467865	1
-0.84433482	1.8799045	0.45952779	1.3454895	1.8499923	1.0156341	2.3726407	-0.95583878	1
-0.84433482	2.1301186	-0.47042568	0.15443255	6.6485067	-0.24004815	-0.2229699	2.1903578	1
-0.84433482	2.2552257	-0.9870665	-0.28437791	2.5615261	-0.77276183	0.55269512	-0.78577411	-1
-0.84433482	2.3490559	0.35619962	0.96936627	1.4681937	0.57170601	1.2166885	-0.36061241	1
-0.84433482	2.4428862	0.35619962	1.4081767	-0.69243932	1.3834602	2.7831093	-0.95583878	1
-0.54756176	-2.0296909	-0.67708201	0.4678686	-0.30196347	-0.98838403	-0.42216791	-0.95583878	-1
-0.54756176	-1.6543697	-0.36709752	-0.47243954	-0.56228071	-1.508414	-0.6485293	-0.87080644	-1
-0.54756176	-1.6543697	0.046215135	0.71861743	-0.11974141	-0.88691476	-0.85979993	-0.70074177	-1
-0.54756176	-1.5605394	0.046215135	0.40518139	-0.69243932	-0.50640499	0.34444265	-0.95583878	-1
-0.54756176	-1.4667091	-3.5702706	-1.2873733	-0.69243932	-4.0578295	-1.1163428	-0.95583878	-1
-0.54756176	-1.4354324	-0.26376935	0.21711976	-0.21519106	-0.29078279	-0.30747815	-0.020483051	-1
-0.54756176	-1.2477718	-0.47042568	0.091745343	-0.69243932	-0.54445597	-0.54893029	-0.70074177	-1
-0.54756176	-1.2477718	0.1495433	-0.34706512	-0.032968997	-0.24004815	0.22673473	-0.70074177	-1
-0.54756176	-1.216495	-0.88373833	0.091745343	0.30544341	-0.4429867	3.7036456	-0.70074177	-1
-0.54756176	-1.1852183	-0.21210527	0.4678686	-0.11974141	0.60975699	0.47422317	-0.78577411	-1
-0.54756176	-1.1852183	-0.16044119	0.15443255	-0.25857727	0.026308683	0.075827134	-0.95583878	-1
-0.54756176	-1.1539415	-3.5702706	-1.2873733	-0.69243932	-4.0578295	-0.50667617	-1.0408711	-1
-0.54756176	-1.1539415	-0.9870665	0.15443255	-0.032968997	-0.20199718	1.4973766	-1.0408711	-1
-0.54756176	-1.1226647	-0.21210527	-1.2873733	-0.69243932	0.96489944	1.3826869	-0.53067709	-1
-0.54756176	-1.0601112	-3.5702706	0.15443255	-0.69243932	-0.39225206	0.90883704	-0.70074177	-1
-0.54756176	-1.0601112	-0.57375384	-0.28437791	-0.24122278	0.089726977	-0.92318112	-0.70074177	-1
-0.54756176	-1.0288345	-0.57375384	0.34249418	-0.55360347	-0.45567035	0.88770997	-0.95583878	-1
-0.54756176	-1.0288345	0.25287146	-0.096316285	-0.23254554	-0.3795684	-0.73303755	-0.95583878	-1
-0.54756176	-0.99755769	1.0794968	0.59324302	-0.69243932	0.19119625	-0.54289399	0.744808	-1
-0.54756176	-0.96628093	-0.47042568	-1.2873733	-0.69243932	-1.0771696	-0.84772732	-0.70074177	-1
-0.54756176	-0.96628093	-0.057113028	1.3454895	-0.69243932	0.78732822	0.093936045	-0.53067709	1
-0.54756176	-0.96628093	0.046215135	-0.2216907	-0.69243932	-0.5951906	-1.1676514	-0.95583878	-1
-0.54756176	-0.96628093	0.56285595	-0.40975233	-0.21519106	-0.96301671	-0.67267452	-0.78577411	-1
-0.54756176	-0.93500417	-0.36709752	-1.2873733	-0.69243932	-0.5951906	0.16033539	-0.95583878	-1
-0.54756176	-0.9037274	-0.88373833	-1.2873733	-0.69243932	-0.24004815	-0.99863491	-0.95583878	-1
-0.54756176	-0.9037274	-0.36709752	0.4678686	-0.69243932	-0.04979327	-1.0318346	-0.78577411	-1
-0.54756176	-0.9037274	0.35619962	-0.033629076	-0.69243932	-0.98838403	3.7006275	-0.44564475	-1
-0.54756176	-0.87245064	-0.26376935	0.71861743	0.69591926	0.7619609	0.61004001	-0.87080644	1
-0.54756176	-0.84117388	-0.057113028	-0.15900349	-0.032968997	-0.76007817	0.26898885	-1.0408711	-1
-0.54756176	-0.84117388	0.35619962	-0.15900349	-0.11974141	-0.04979327	0.53458621	-0.87080644	-1
-0.54756176	-0.80989712	-0.78041017	-0.40975233	0.071157897	-0.74739451	0.83338324	-0.95583878	-1
-0.54756176	-0.77862035	-0.057113028	-0.47243954	-0.26725451	-1.3815775	0.52854991	-0.61570943	-1
-0.54756176	-0.71606683	-0.47042568	-0.2216907	0.34882961	0.34340015	-0.82660026	-0.95583878	-1
-0.54756176	-0.68479006	-3.5702706	-1.2873733	-0.69243932	-1.2420572	-1.0982339	-0.87080644	-1
-0.54756176	-0.68479006	-0.88373833	-0.34706512	0.12322134	-0.93764939	0.49836839	-1.0408711	-1
-0.54756176	-0.68479006	-0.47042568	-0.2216907	0.69591926	0.58438967	-0.056971545	-1.0408711	-1
-0.54756176	-0.68479006	0.046215135	-0.28437791	-0.31064071	-1.4703631	-0.71492864	-0.53067709	-1
-0.54756176	-0.6535133	-0.78041017	0.4678686	0.218671	0.73659358	0.078845286	-0.78577411	-1
-0.54756176	-0.6535133	-0.26376935	0.15443255	-0.69243932	-0.29078279	-0.31351445	-1.0408711	-1
-0.54756176	-0.6535133	-0.16044119	-0.033629076	0.088512379	0.1150943	1.1925433	-0.44564475	1
-0.54756176	-0.6535133	-0.057113028	0.27980697	-0.076355203	0.82537919	-0.44631313	-0.61570943	-1
-0.54756176	-0.6535133	0.046215135	1.9723616	-0.19783658	1.0790524	0.61909446	-0.70074177	-1
-0.54756176	-0.62223654	-0.57375384	-0.2216907	1.6070296	-0.98838403	0.4289509	-0.87080644	-1
-0.54756176	-0.62223654	-0.57375384	0.90667906	0.088512379	-1.2927918	-0.95638079	-0.95583878	-1
-0.54756176	-0.59095977	0.87284044	0.96936627	0.34882961	1.7132353	-1.040889	-0.87080644	1
-0.54756176	-0.49712949	-0.57375384	1.2201151	0.12322134	0.36876747	-0.74511016	-0.70074177	-1
-0.54756176	-0.49712949	0.30453554	-1.2873733	-0.69243932	-1.102537	0.2659707	1.6801637	-1
-0.54756176	-0.49712949	0.56285595	1.5335512	0.96491374	0.21656357	0.72171162	-0.36061241	1
-0.54756176	-0.46585272	-0.67708201	0.40518139	0.73930547	-0.3795684	-0.13846164	-0.95583878	-1
-0.54756176	-0.46585272	-0.26376935	0.90667906	0.34015237	-0.18931352	2.8012182	0.064549289	-1
-0.54756176	-0.43457596	0.25287146	0.59324302	0.17528479	0.20387991	-0.20486098	-0.87080644	-1
-0.54756176	-0.4032992	-0.88373833	0.34249418	-0.14577313	0.06435966	-0.46442204	-0.95583878	-1
-0.54756176	-0.4032992	-0.36709752	-0.66050117	1.7198337	-0.84886378	1.2347974	-0.95583878	-1
-0.54756176	-0.4032992	-0.36709752	0.71861743	-0.20651382	-0.86154744	-1.0378709	-1.0408711	-1
-0.54756176	-0.4032992	-0.26376935	-1.2873733	-0.69243932	-0.15126254	-0.94732633	-1.0408711	-1
-0.54756176	-0.4032992	0.56285595	-1.2873733	-0.69243932	-0.63324158	-0.642493	1.5951314	1
-0.54756176	-0.37202243	1.1828249	-1.2873733	-0.69243932	1.3580929	1.126144	1.7651961	-1
-0.54756176	-0.34074567	0.25287146	0.53055581	0.39221582	0.051676001	0.68247565	-0.53067709	-1
-0.54756176	-0.30946891	-0.47042568	-1.2873733	-0.69243932	-0.73471085	-0.38896824	-0.87080644	-1
-0.54756176	-0.27819215	-0.16044119	0.091745343	-0.69243932	-0.88691476	-0.49762171	-0.78577411	-1
-0.54756176	-0.27819215	-0.057113028	0.091745343	0.12322134	0.2672982	-0.4734765	-0.61570943	-1
-0.54756176	-0.27819215	0.30453554	0.71861743	-0.69243932	0.47023674	-0.97750785	-1.0408711	-1
-0.54756176	-0.27819215	0.45952779	1.8469872	0.52237444	0.93953212	-0.89601775	-0.78577411	-1
-0.54756176	-0.27819215	0.87284044	1.3454895	0.69591926	0.81269553	-0.68172897	-0.44564475	-1
-0.54756176	-0.21563862	-0.057113028	0.091745343	-0.69243932	-0.41761938	-1.1465244	-0.70074177	-1
-0.54756176	-0.18436186	-0.26376935	0.091745343	-0.69243932	-0.15126254	-0.1535524	-1.0408711	-1
-0.54756176	-0.12180833	1.0794968	-0.096316285	-0.076355203	-0.86154744	-0.4795128	-1.0408711	-1
-0.54756176	-0.090531568	0.56285595	-1.2873733	-0.69243932	1.3834602	0.66738489	-1.0408711	1
-0.54756176	-0.059254805	-3.5702706	-1.2873733	-0.69243932	-1.5718323	1.086908	3.2957782	-1
-0.54756176	-0.027978042	-0.78041017	-1.2873733	-0.69243932	-0.6586089	-0.050935242	-0.53067709	-1
-0.54756176	-0.027978042	0.35619962	1.0320535	0.218671	0.9775831	-0.77529168	-0.36061241	-1
-0.54756176	0.0032987211	0.046215135	0.71861743	0.13189858	0.90148115	1.2498882	-0.87080644	-1
-0.54756176	0.034575484	-0.88373833	1.4081767	0.67856478	0.53365504	1.0386176	-0.44564475	-1
-0.54756176	0.034575484	-0.47042568	-0.15900349	0.22734824	-0.27809913	0.73982053	-0.95583878	-1
-0.54756176	0.034575484	0.046215135	0.40518139	-0.69243932	0.60975699	-0.3980227	-0.53067709	-1
-0.54756176	0.034575484	0.35619962	0.40518139	1.0430089	0.49560406	0.033573009	-0.61570943	-1
-0.54756176	0.065852247	-1.0903947	0.71861743	0.73930547	1.2819909	0.14524463	-0.61570943	-1
-0.54756176	0.09712901	-0.057113028	0.4678686	1.0863951	0.1150943	1.2166885	-0.27558007	1
-0.54756176	0.12840577	-0.47042568	-0.033629076	0.52237444	0.22924723	-1.158597	-0.19054773	-1
-0.54756176	0.1909593	-1.1937228	0.029058133	2.2144365	0.30534918	-0.8929996	-0.95583878	-1
-0.54756176	0.1909593	-0.57375384	0.21711976	1.693802	-0.54445597	3.4048486	-0.70074177	-1
-0.54756176	0.22223606	-0.26376935	1.3454895	-0.69243932	1.0156341	1.8987908	-0.78577411	-1
-0.54756176	0.22223606	0.45952779	1.0320535	0.88681857	1.4341948	2.2700235	-0.19054773	1
-0.54756176	0.25351282	-3.5702706	-1.2873733	-0.69243932	0.82537919	-0.50667617	0.65977566	-1
-0.54756176	0.25351282	0.25287146	0.34249418	1.0863951	0.15314527	0.3595334	-0.70074177	-1
-0.54756176	0.25351282	0.76951228	-1.2873733	-0.69243932	-0.50640499	-0.5670392	-0.53067709	-1
-0.54756176	0.28478959	1.3894813	-1.2873733	-0.69243932	-1.1913226	-0.61532963	-1.0408711	-1
-0.54756176	0.40989664	0.046215135	-1.2873733	-0.69243932	-0.39225206	0.21164397	-0.87080644	1
-0.54756176	0.56628045	0.30453554	-1.2873733	-0.69243932	-0.8108128	-0.92016296	-0.36061241	-1
-0.54756176	0.62883398	-0.57375384	0.84399185	0.41824754	-0.83618012	0.6854938	-0.78577411	-1
-0.54756176	0.66011074	0.66618411	-0.15900349	-0.13709589	-0.92496573	0.87261921	-1.0408711	-1
-0.54756176	0.72266427	-0.57375384	0.78130464	0.47898823	-0.04979327	-0.15053425	-0.70074177	1
-0.54756176	0.78521779	-3.5702706	-1.2873733	-0.69243932	-0.56982328	-0.69983788	-0.44564475	1
-0.54756176	0.78521779	0.046215135	1.0947407	2.4313675	-0.50640499	-0.40707716	-0.36061241	1
-0.54756176	0.78521779	0.35619962	0.90667906	0.99094546	0.78732822	-0.43122237	-0.36061241	-1
-0.54756176	1.0667087	-0.88373833	0.40518139	3.9932709	0.85074651	-0.69983788	-0.70074177	1
-0.54756176	1.0667087	0.25287146	-0.2216907	0.14057583	-0.68397621	-0.11733458	-0.53067709	1
-0.54756176	1.1292622	0.25287146	0.90667906	3.1255468	0.93953212	-1.019762	-0.27558007	-1
-0.54756176	1.160539	1.0794968	-1.2873733	-0.69243932	-0.04979327	1.0054179	2.7855842	1
-0.54756176	1.6609672	0.9761686	1.0320535	0.34882961	1.5863987	0.52553175	-0.78577411	1
-0.54756176	1.6922439	0.9761686	-1.2873733	-0.69243932	-1.1532716	-0.44027683	-0.95583878	-1
-0.54756176	2.3803327	0.046215135	1.5335512	4.0193026	-0.18931352	-0.94732633	1.6801637	1
-0.54756176	2.3803327	0.046215135	4.9186605	-0.69243932	0.34340015	0.31124298	2.4454548	1
-0.25078869	-1.8733071	0.66618411	0.4678686	-0.69243932	0.30534918	-0.69078343	1.0849374	-1
-0.25078869	-1.4667091	-0.057113028	0.4678686	-0.30196347	-0.29078279	-0.53987584	-0.87080644	-1
-0.25078869	-1.3416021	-0.9870665	0.71861743	0.071157897	-0.12589522	-0.67569267	-0.61570943	1
-0.25078869	-1.3416021	0.046215135	-1.2873733	-0.69243932	0.06435966	-0.60929333	0.48971099	-1
-0.25078869	-1.2790486	-3.5702706	-1.2873733	-0.69243932	-4.0578295	-0.8990359	-0.95583878	-1
-0.25078869	-1.2790486	0.66618411	0.65593023	-0.085032444	0.27998186	2.4752578	-0.53067709	1
-0.25078869	-1.2477718	0.87284044	-0.28437791	-0.11974141	-0.56982328	-0.50063986	-0.95583878	-1
-0.25078869	-1.216495	0.046215135	-1.2873733	-0.69243932	-1.3815775	-0.25013326	-0.70074177	-1
-0.25078869	-1.1852183	-0.57375384	0.65593023	-0.53624898	0.29266552	-0.41009531	-0.70074177	-1
-0.25078869	-1.1539415	-0.057113028	0.59324302	0.22734824	-0.011742294	0.3595334	-0.70074177	-1
-0.25078869	-1.1539415	0.1495433	0.71861743	-0.69243932	0.66049163	-0.61834778	-0.44564475	-1
-0.25078869	-1.0601112	-0.47042568	-0.15900349	-0.69243932	-1.2927918	-0.084134912	-1.0408711	-1
-0.25078869	-1.0288345	-0.57375384	-0.59781396	-0.2238683	-0.91228207	-0.61834778	-0.95583878	-1
-0.25078869	-0.99755769	0.25287146	-0.28437791	0.045126173	-0.20199718	0.23880733	0.40467865	-1
-0.25078869	-0.96628093	0.45952779	-1.2873733	-0.69243932	1.3580929	0.26295255	-1.0408711	-1
-0.25078869	-0.77862035	-0.67708201	0.84399185	0.30544341	-0.92496573	1.424941	0.48971099	-1
-0.25078869	-0.77862035	0.45952779	1.1574279	-0.69243932	0.67317529	-0.70587419	0.57474333	-1
-0.25078869	-0.68479006	-0.78041017	-0.096316285	0.053803415	-0.8108128	-0.95939894	-0.78577411	-1
-0.25078869	-0.68479006	-0.36709752	-0.096316285	-0.050323479	-1.2927918	-0.58212996	-0.61570943	-1
-0.25078869	-0.68479006	0.56285595	-0.59781396	-0.13709589	-1.6098833	-0.5670392	-0.27558007	-1
-0.25078869	-0.6535133	-0.057113028	0.15443255	0.010417209	-0.04979327	1.4400318	-0.44564475	-1
-0.25078869	-0.59095977	-1.297051	-0.033629076	0.12322134	-0.15126254	-0.21693359	-0.61570943	-1
-0.25078869	-0.59095977	0.25287146	-1.2873733	-0.69243932	-0.31615011	-1.0589979	-0.10551539	-1
-0.25078869	-0.55968301	0.1495433	0.59324302	0.62650133	-0.55713963	0.77905651	-0.53067709	-1
-0.25078869	-0.46585272	-0.78041017	0.029058133	0.67856478	-0.13857888	-0.54289399	-0.78577411	-1
-0.25078869	-0.46585272	0.1495433	-1.2873733	-0.69243932	-0.78544548	-0.79943689	-0.53067709	-1
-0.25078869	-0.43457596	-0.36709752	-0.47243954	-0.27593175	-1.1532716	0.62211261	-0.87080644	1
-0.25078869	-0.4032992	-0.36709752	0.21711976	-0.69243932	-0.76007817	-0.75114646	-0.70074177	-1
-0.25078869	-0.30946891	-0.67708201	1.1574279	-0.69243932	-0.24004815	0.25691624	-0.27558007	-1
-0.25078869	-0.30946891	-0.57375384	0.65593023	-0.31064071	-0.31615011	-0.12638904	-0.95583878	-1
-0.25078869	-0.30946891	-0.36709752	-1.2873733	-0.69243932	-1.1913226	-0.99561676	-1.0408711	-1
-0.25078869	-0.30946891	1.0794968	-0.53512675	-0.015614515	-0.45567035	0.069790831	-0.36061241	-1
-0.25078869	-0.27819215	0.25287146	0.59324302	-0.69243932	-0.04979327	-0.82961841	-0.70074177	1
-0.25078869	-0.24691538	-1.297051	-0.47243954	-0.69243932	-1.2166899	-1.0016531	-0.95583878	-1
-0.25078869	-0.24691538	-0.9870665	-0.66050117	0.045126173	-0.31615011	0.46516872	-0.70074177	-1
-0.25078869	-0.18436186	-0.16044119	1.1574279	0.52237444	0.77464456	-0.97147154	-0.44564475	-1
-0.25078869	-0.15308509	-3.5702706	-1.2873733	-0.69243932	-1.0771696	-0.85979993	-0.87080644	-1
-0.25078869	-0.15308509	0.25287146	-0.34706512	0.218671	-0.72202719	-1.1012521	-0.78577411	-1
-0.25078869	-0.027978042	0.046215135	0.59324302	0.47898823	1.3834602	-0.059989697	-0.27558007	-1
-0.25078869	0.0032987211	-0.88373833	-1.2873733	-0.69243932	0.50828772	-1.040889	-0.70074177	1
-0.25078869	0.034575484	0.45952779	-1.2873733	-0.69243932	-1.1405879	-0.65758376	0.57474333	-1
-0.25078869	0.065852247	1.5961376	0.90667906	1.3900986	3.2099071	1.2317793	-0.95583878	-1
-0.25078869	0.09712901	0.56285595	0.78130464	0.43560203	0.15314527	-0.50365801	-0.61570943	-1
-0.25078869	0.12840577	-0.57375384	-1.2873733	-0.69243932	-0.04979327	-0.96845339	-0.78577411	-1
-0.25078869	0.15968254	0.9761686	1.2828023	1.3467123	0.92684846	0.70058456	-0.53067709	-1
-0.25078869	0.22223606	0.1495433	0.27980697	0.95623649	0.051676001	0.23277103	-0.53067709	1
-0.25078869	0.22223606	0.45952779	-1.2873733	-0.69243932	-1.3815775	-0.61532963	1.8502284	-1
-0.25078869	0.25351282	-0.26376935	0.53055581	0.30544341	-0.70934353	-0.76321907	-0.44564475	1
-0.25078869	0.25351282	1.1828249	1.7843	0.65253305	0.55902236	1.4973766	-0.10551539	1
-0.25078869	0.28478959	-0.26376935	-1.2873733	-0.69243932	-1.1279043	-0.47649465	-0.95583878	-1
-0.25078869	0.28478959	0.45952779	0.15443255	-0.0069372735	-0.45567035	-0.44933128	0.064549289	1
-0.25078869	0.34734311	0.56285595	-1.2873733	-0.69243932	0.30534918	-0.21089729	0.91487268	1
-0.25078869	0.56628045	-0.78041017	-1.2873733	-0.69243932	-0.8108128	-0.21089729	-0.95583878	1
-0.25078869	0.62883398	-3.5702706	-1.2873733	-0.69243932	-0.25273181	0.87261921	-0.53067709	1
-0.25078869	0.66011074	0.56285595	-0.34706512	-0.69243932	0.051676001	-0.82056395	2.5304871	-1
-0.25078869	0.84777132	-0.16044119	0.27980697	-0.69243932	0.06435966	-0.65154745	-0.95583878	-1
-0.25078869	0.91032485	0.35619962	-1.2873733	-0.69243932	-1.3942611	-0.79943689	0.31964631	-1
-0.25078869	1.160539	-0.26376935	-0.47243954	2.665653	-0.10052791	-0.53383953	-0.78577411	-1
-0.25078869	1.160539	0.046215135	0.59324302	2.1536958	0.44486943	-0.38595009	0.14958163	1
-0.25078869	1.160539	0.35619962	0.96936627	1.4334848	-0.04979327	1.1442529	-0.44564475	1
-0.25078869	1.285646	-0.88373833	1.0947407	-0.69243932	0.66049163	0.54364067	-0.78577411	1
-0.25078869	1.3169228	0.046215135	-0.15900349	0.218671	-0.04979327	-0.61532963	-0.44564475	1
-0.25078869	1.5045833	0.25287146	-0.096316285	0.39221582	-0.26541547	-0.61532963	-0.19054773	1
-0.25078869	1.5358601	-0.26376935	1.0320535	1.2599399	0.31803284	-0.34973227	-0.27558007	1
-0.25078869	1.5671369	0.1495433	0.78130464	0.47898823	0.16582893	-0.82358211	-0.78577411	1
-0.25078869	1.6296904	0.45952779	1.1574279	0.91285029	0.22924723	1.5034129	-0.19054773	1
-0.25078869	1.6296904	0.66618411	1.7216128	3.3424778	0.81269553	5.0255961	-0.70074177	1
-0.25078869	1.6296904	0.76951228	0.78130464	3.420573	0.47023674	-0.64551115	-0.95583878	1
-0.25078869	1.6609672	-0.57375384	0.091745343	0.99094546	0.1150943	0.36556971	0.23461397	1
-0.25078869	1.7235207	0.87284044	0.40518139	0.6612103	0.16582893	2.0587529	1.5951314	1
-0.25078869	1.8486277	-0.26376935	0.27980697	-0.085032444	0.25461454	-0.60627518	-0.61570943	-1
-0.25078869	1.9111813	0.25287146	-1.2873733	-0.69243932	-0.18931352	-0.38293194	-0.36061241	1
-0.25078869	2.0675651	0.046215135	0.091745343	1.0430089	0.55902236	-0.19278838	0.23461397	1
-0.25078869	2.1926721	-0.057113028	-0.34706512	0.43560203	-0.13857888	-0.52176692	0.064549289	-1
-0.25078869	2.2552257	0.046215135	0.65593023	-0.69243932	0.36876747	-0.69681973	-0.70074177	1
0.045984368	-1.4041556	-0.36709752	-1.2873733	-0.69243932	0.25461454	-0.24409696	-0.70074177	-1
0.045984368	-1.1852183	0.87284044	-0.096316285	-0.69243932	-0.34151742	-0.46744019	0.064549289	-1
0.045984368	-1.1539415	1.0794968	0.15443255	-0.20651382	0.95221578	-0.94430818	-0.70074177	-1
0.045984368	-1.1226647	-0.57375384	0.091745343	-0.26725451	-0.53177231	-0.50063986	-0.44564475	-1
0.045984368	-0.96628093	-3.5702706	-1.2873733	-0.69243932	-0.50640499	0.41687829	-0.19054773	-1
0.045984368	-0.96628093	0.9761686	1.6589256	-0.2238683	0.72390992	-0.33162336	-0.36061241	-1
0.045984368	-0.93500417	0.046215135	0.71861743	0.071157897	0.14046161	-0.078098608	-0.95583878	-1
0.045984368	-0.9037274	0.56285595	-1.2873733	-0.69243932	1.2946746	-0.70889234	-0.36061241	-1
0.045984368	-0.84117388	-0.21210527	0.091745343	-0.69243932	-0.92496573	-0.97750785	-1.0408711	-1
0.045984368	-0.80989712	-0.47042568	0.71861743	-0.69243932	0.43218577	-0.5670392	-0.44564475	-1
0.045984368	-0.80989712	-0.26376935	-1.2873733	-0.69243932	0.00094136531	-0.93827187	-0.19054773	1
0.045984368	-0.80989712	0.046215135	0.71861743	-0.69243932	0.013625024	0.42291459	-0.78577411	-1
0.045984368	-0.77862035	-0.67708201	-0.2216907	-0.26725451	-1.4196284	-0.3980227	-0.61570943	-1
0.045984368	-0.74734359	-0.47042568	0.15443255	-0.69243932	-0.48103767	-0.087153064	-0.95583878	-1
0.045984368	-0.68479006	-0.057113028	1.0947407	-0.69243932	0.10241064	-0.9865623	-0.020483051	-1
0.045984368	-0.68479006	0.1495433	-0.2216907	-0.69243932	-0.8108128	-0.53685768	-0.44564475	-1
0.045984368	-0.68479006	0.35619962	-0.34706512	-0.24990003	-1.1152206	-0.75114646	-1.0408711	-1
0.045984368	-0.55968301	-0.47042568	0.78130464	0.97359098	-1.0137513	1.4913403	-0.020483051	-1
0.045984368	-0.37202243	-0.26376935	1.4708639	0.16660755	0.35608381	1.3072331	-0.61570943	1
0.045984368	-0.34074567	-0.16044119	-1.2873733	-0.69243932	-0.011742294	-0.0026448127	-0.36061241	-1
0.045984368	-0.34074567	0.35619962	-0.033629076	0.17528479	-0.45567035	-1.0680524	-0.53067709	-1
0.045984368	-0.34074567	1.1828249	-1.2873733	-0.69243932	0.71122626	-0.84772732	-0.27558007	-1
0.045984368	-0.30946891	0.1495433	1.6589256	1.1037496	0.64780797	2.7710367	1.9352608	1
0.045984368	-0.27819215	0.45952779	1.2201151	-0.69243932	0.93953212	-0.71191049	0.40467865	-1
0.045984368	-0.21563862	-0.26376935	-1.2873733	-0.69243932	-0.39225206	-1.0439072	-0.78577411	-1
0.045984368	-0.21563862	-0.21210527	-1.2873733	-0.69243932	-1.2801082	-0.12035273	0.31964631	-1
0.045984368	-0.18436186	0.1495433	-1.2873733	-0.69243932	-0.39225206	-0.28936924	1.0849374	1
0.045984368	-0.15308509	0.1495433	-0.53512675	0.062480656	-1.2547409	-0.026790027	0.31964631	-1
0.045984368	-0.12180833	-0.36709752	-0.53512675	-0.69243932	-0.29078279	-0.27729663	-0.27558007	1
0.045984368	-0.12180833	-0.26376935	0.40518139	0.34882961	0.15314527	-0.7300194	-0.78577411	-1
0.045984368	-0.090531568	0.046215135	-1.2873733	-0.69243932	1.5863987	1.3042149	-0.61570943	-1
0.045984368	-0.027978042	-0.057113028	-1.2873733	-0.69243932	-0.30346645	0.71567532	0.064549289	-1
0.045984368	0.034575484	-0.057113028	-1.2873733	-0.69243932	0.38145113	-0.2350425	-0.36061241	-1
0.045984368	0.065852247	-0.36709752	-1.2873733	-0.69243932	0.00094136531	-0.74209201	0.14958163	1
0.045984368	0.065852247	0.56285595	-0.34706512	0.83475512	0.00094136531	-0.087153064	0.064549289	-1
0.045984368	0.12840577	0.046215135	-0.15900349	0.3661841	-0.39225206	2.0285714	0.99990502	1
0.045984368	0.12840577	0.56285595	-1.2873733	-0.69243932	0.038992342	0.19353506	-0.53067709	1
0.045984368	0.1909593	0.9761686	-0.59781396	0.65253305	0.31803284	0.38066047	-0.44564475	-1
0.045984368	0.22223606	0.046215135	-1.2873733	-0.69243932	0.29266552	-0.50969432	-0.78577411	-1
0.045984368	0.25351282	-0.47042568	-0.53512675	1.3120034	-0.56982328	0.16637169	-0.19054773	-1
0.045984368	0.25351282	0.87284044	-0.033629076	1.6504158	0.39413479	-0.72700125	-0.87080644	-1
0.045984368	0.31606635	-0.057113028	0.029058133	0.74798271	0.14046161	-0.94129003	-0.44564475	-1
0.045984368	0.34734311	-3.5702706	-1.2873733	-0.69243932	0.1150943	-0.51271247	-0.87080644	1
0.045984368	0.34734311	0.87284044	0.65593023	-0.69243932	-0.50640499	-0.15958871	2.5304871	-1
0.045984368	0.40989664	0.1495433	-1.2873733	-0.69243932	-1.0391187	-0.58816626	2.2753901	1
0.045984368	0.47245017	0.046215135	-1.2873733	-0.69243932	-0.10052791	2.1432611	-0.95583878	1
0.045984368	0.50372693	0.76951228	-1.2873733	-0.69243932	-0.10052791	-0.66362006	-0.27558007	-1
0.045984368	0.62883398	0.25287146	-1.2873733	-0.69243932	-0.55713963	-0.68776527	0.57474333	-1
0.045984368	0.66011074	0.87284044	-1.2873733	-0.69243932	1.5229804	0.5225136	-0.95583878	1
0.045984368	0.72266427	-0.57375384	0.4678686	0.52237444	-0.31615011	-0.55798475	0.31964631	-1
0.045984368	0.72266427	0.66618411	0.71861743	-0.69243932	0.82537919	0.24786179	0.31964631	1
0.045984368	0.75394103	0.66618411	-0.15900349	-0.69243932	0.06435966	-0.71492864	3.1257135	1
0.045984368	0.78521779	0.45952779	-1.2873733	-0.69243932	0.82537919	0.14524463	2.8706165	1
0.045984368	0.78521779	0.82117636	0.40518139	0.17528479	-0.39225206	-0.85376362	-0.53067709	-1
0.045984368	0.78521779	1.1828249	-1.2873733	-0.69243932	-0.10052791	0.20258951	2.3604225	1
0.045984368	0.81649456	0.25287146	0.27980697	1.8499923	0.36876747	-0.26220587	-0.27558007	-1
0.045984368	0.84777132	-0.47042568	0.40518139	2.0669234	-0.13857888	-0.97147154	-0.36061241	1
0.045984368	0.94160161	1.0794968	1.0947407	-0.69243932	-0.29078279	-0.53685768	0.23461397	-1
0.045984368	1.0354319	-0.36709752	0.65593023	1.7718972	0.10241064	-0.70889234	-0.87080644	-1
0.045984368	1.0354319	0.1495433	0.53055581	0.40089306	-0.087844247	-0.404059	0.31964631	-1
0.045984368	1.0979854	0.30453554	-1.2873733	-0.69243932	2.0683778	-0.70587419	-0.10551539	1
0.045984368	1.160539	0.45952779	-1.2873733	-0.69243932	0.1150943	0.99938159	-0.19054773	1
0.045984368	1.5671369	0.1495433	-1.2873733	-0.69243932	1.4722458	0.021500402	-0.61570943	1
0.045984368	1.6296904	0.046215135	-0.40975233	0.76533719	-0.29078279	-0.33464151	-0.020483051	1
0.045984368	1.942458	-3.5702706	-1.2873733	-0.69243932	-0.45567035	-0.78434613	0.23461397	1
0.045984368	1.9737348	0.45952779	1.1574279	1.7111565	0.63512431	-0.62740224	-0.19054773	1
0.045984368	2.1301186	2.1127784	0.65593023	-0.69243932	-0.4429867	0.62814892	0.31964631	-1
0.045984368	2.3803327	0.046215135	1.1574279	5.7634281	0.59707333	5.6050813	-0.19054773	-1
0.34275743	-3.7811896	0.56285595	0.71861743	-0.69243932	1.1424707	-0.37991379	0.31964631	1
0.34275743	-2.405012	-0.36709752	-1.2873733	-0.69243932	-0.88691476	0.3474608	0.23461397	-1
0.34275743	-1.4979859	-0.47042568	-1.2873733	-0.69243932	-0.6586089	-0.61532963	-0.53067709	-1
0.34275743	-1.3728788	0.66618411	1.2828023	-0.3279952	0.4829204	-0.95336263	0.14958163	-1
0.34275743	-1.3416021	-1.0903947	-1.2873733	-0.69243932	0.21656357	0.54967697	-0.70074177	-1
0.34275743	-1.1226647	0.25287146	0.091745343	-0.69243932	-0.3795684	2.2700235	-0.10551539	1
0.34275743	-1.091388	-0.057113028	0.4678686	-0.076355203	-0.22736449	-0.32558706	-0.78577411	-1
0.34275743	-1.0288345	-0.16044119	0.029058133	-0.49286278	-0.96301671	-0.3919864	-0.27558007	-1
0.34275743	-1.0288345	0.45952779	0.59324302	-0.69243932	-0.55713963	-0.64551115	0.31964631	-1
0.34275743	-0.80989712	0.1495433	0.78130464	-0.69243932	0.72390992	-0.30747815	-0.53067709	-1
0.34275743	-0.77862035	0.25287146	-0.15900349	-0.11106417	0.20387991	1.584903	0.82984034	-1
0.34275743	-0.74734359	0.35619962	0.40518139	-0.69243932	0.45755308	-0.28333293	1.5951314	1
0.34275743	-0.68479006	-0.78041017	0.4678686	0.027771691	0.25461454	0.081863438	-0.27558007	-1
0.34275743	-0.68479006	0.25287146	0.40518139	-0.69243932	-0.3795684	-0.8115095	-0.10551539	-1
0.34275743	-0.55968301	2.0094502	1.0320535	-0.69243932	0.9141648	-0.50365801	2.7005518	-1
0.34275743	-0.52840625	0.25287146	-1.2873733	-0.69243932	-0.40493572	-0.96241709	1.255002	-1
0.34275743	-0.49712949	0.1495433	0.53055581	2.1276641	0.62244065	-0.94430818	-0.44564475	-1
0.34275743	-0.46585272	0.66618411	0.59324302	-0.69243932	0.95221578	-0.5610029	0.40467865	-1
0.34275743	-0.4032992	0.1495433	1.4081767	-0.041646238	0.52097138	-0.63042039	-0.020483051	-1
0.34275743	-0.37202243	-0.36709752	1.2828023	0.42692478	0.4829204	0.12713572	-0.70074177	1
0.34275743	-0.37202243	0.30453554	0.34249418	-0.69243932	0.50828772	0.22371657	2.2753901	-1
0.34275743	-0.34074567	-0.057113028	-1.2873733	-0.69243932	-0.76007817	-0.54289399	-0.27558007	-1
0.34275743	-0.30946891	0.1495433	0.4678686	-0.69243932	-1.026435	-0.19580653	-0.53067709	-1
0.34275743	-0.27819215	-0.16044119	-1.2873733	-0.69243932	0.73659358	-0.63645669	0.65977566	1
0.34275743	-0.21563862	0.25287146	-1.2873733	-0.69243932	-0.89959841	0.82131063	2.0202931	-1
0.34275743	-0.18436186	0.35619962	-1.2873733	-0.69243932	-0.10052791	-0.38896824	0.91487268	1
0.34275743	-0.18436186	1.4928094	-1.2873733	-0.69243932	2.6518261	-0.79340059	-0.44564475	1
0.34275743	-0.15308509	0.25287146	-1.2873733	-0.69243932	-0.8108128	-0.8175458	-0.27558007	-1
0.34275743	-0.15308509	0.25287146	0.53055581	-0.69243932	0.038992342	0.56778588	0.14958163	1
0.34275743	-0.12180833	0.87284044	0.59324302	0.218671	0.90148115	-0.66663821	0.744808	-1
0.34275743	-0.12180833	1.1828249	-1.2873733	-0.69243932	0.2672982	-0.40707716	0.40467865	-1
0.34275743	0.0032987211	0.1495433	0.15443255	0.27941168	-0.73471085	-0.68474712	-0.27558007	-1
0.34275743	0.034575484	0.87284044	-1.2873733	-0.69243932	0.34340015	-0.54893029	-0.020483051	-1
0.34275743	0.065852247	0.25287146	1.2201151	-0.024291756	0.2672982	-0.61231148	-0.44564475	-1
0.34275743	0.09712901	0.25287146	-1.2873733	-0.69243932	0.25461454	-0.76020092	0.40467865	1
0.34275743	0.15968254	0.45952779	0.40518139	-0.50154002	-0.30346645	-0.099225671	0.57474333	-1
0.34275743	0.22223606	0.56285595	-1.2873733	-0.69243932	0.3307165	-0.98958046	0.99990502	-1
0.34275743	0.28478959	0.66618411	-1.2873733	-0.69243932	0.90148115	1.4611588	0.31964631	1
0.34275743	0.34734311	0.56285595	-1.2873733	-0.69243932	-0.6586089	-0.86281808	3.0406812	-1
0.34275743	0.47245017	0.66618411	-1.2873733	-0.69243932	-4.0578295	0.50742284	3.0406812	-1
0.34275743	0.47245017	0.76951228	1.2828023	0.071157897	0.38145113	-0.5610029	0.14958163	1
0.34275743	0.50372693	2.0094502	-1.2873733	-0.69243932	2.1317961	-0.73907386	0.31964631	1
0.34275743	0.56628045	-0.26376935	0.90667906	0.52237444	-0.43030304	-0.18373392	-0.61570943	-1
0.34275743	0.56628045	0.56285595	0.90667906	0.69591926	-0.04979327	-0.33464151	-0.70074177	1
0.34275743	0.69138751	0.45952779	-1.2873733	-0.69243932	1.649817	-0.85074547	1.1699697	-1
0.34275743	0.72266427	0.66618411	0.34249418	1.7805744	0.00094136531	-0.059989697	2.1053254	1
0.34275743	0.81649456	0.30453554	-1.2873733	-0.69243932	-0.26541547	-0.11431643	-0.44564475	-1
0.34275743	0.81649456	0.45952779	-1.2873733	-0.69243932	0.21656357	-0.76623722	2.7005518	-1
0.34275743	1.0667087	0.76951228	1.4708639	4.0366571	0.85074651	0.44404166	0.064549289	-1
0.34275743	1.160539	0.046215135	-1.2873733	-0.69243932	-0.27809913	-0.79943689	2.5304871	-1
0.34275743	1.160539	0.76951228	1.2828023	1.1297813	0.93953212	-0.23202435	-0.36061241	1
0.34275743	1.285646	1.8027939	-1.2873733	-0.69243932	0.72390992	-0.96845339	1.5951314	1
0.34275743	1.4107531	0.1495433	-0.096316285	0.82607788	-0.78544548	0.3474608	1.5100991	1
0.34275743	1.4107531	0.35619962	-1.2873733	-0.69243932	1.7386026	-0.3980227	-0.53067709	1
0.34275743	1.4733066	-0.26376935	-1.2873733	-0.69243932	0.1150943	-1.0167438	0.65977566	1
0.34275743	2.0675651	0.35619962	0.40518139	1.1037496	1.4722458	1.6965747	1.6801637	1
0.34275743	2.1301186	-0.26376935	0.78130464	2.1276641	-0.10052791	0.33538819	-0.36061241	1
0.63953049	-3.7811896	-0.057113028	1.2828023	-0.69243932	0.88879749	0.77000205	0.65977566	1
0.63953049	-1.2790486	-0.16044119	0.59324302	-0.69243932	-0.73471085	-0.4795128	0.65977566	-1
0.63953049	-1.2790486	0.56285595	0.96936627	-0.69243932	0.99026676	-0.88998145	-0.44564475	-1
0.63953049	-1.1226647	0.45952779	-1.2873733	-0.69243932	-0.10052791	-0.27126032	0.744808	-1
0.63953049	-1.0601112	0.56285595	-1.2873733	-0.69243932	-1.1152206	-1.1706696	-0.10551539	-1
0.63953049	-0.93500417	-3.5702706	-1.2873733	-0.69243932	-0.27809913	0.087899742	-0.19054773	-1
0.63953049	-0.9037274	-0.36709752	0.71861743	0.40089306	0.00094136531	-1.1676514	1.0849374	-1
0.63953049	-0.9037274	1.1828249	-1.2873733	-0.69243932	-1.5337814	-0.85678178	-0.44564475	-1
0.63953049	-0.87245064	-0.9870665	0.59324302	-0.13709589	-0.41761938	-0.34973227	-0.87080644	-1
0.63953049	-0.77862035	-3.5702706	-1.2873733	-0.69243932	-1.0518023	-0.85074547	-0.44564475	-1
0.63953049	-0.71606683	-0.57375384	0.78130464	0.95623649	0.25461454	-0.12638904	0.82984034	-1
0.63953049	-0.68479006	-0.47042568	-0.096316285	-0.2238683	-0.64592524	0.075827134	-0.10551539	-1
0.63953049	-0.59095977	0.66618411	-1.2873733	-0.69243932	-0.15126254	-0.88092699	0.23461397	1
0.63953049	-0.59095977	1.0794968	1.1574279	-0.69243932	0.47023674	0.61004001	-0.44564475	-1
0.63953049	-0.55968301	-0.16044119	-1.2873733	-0.69243932	-0.97570037	-0.67267452	-0.36061241	-1
0.63953049	-0.55968301	0.1495433	0.71861743	0.95623649	0.72390992	-0.44631313	1.8502284	-1
0.63953049	-0.52840625	0.25287146	-0.15900349	0.6612103	-0.26541547	0.75491129	0.65977566	1
0.63953049	-0.49712949	0.046215135	0.71861743	-0.10238693	-0.15126254	-1.0559798	0.31964631	-1
0.63953049	-0.49712949	0.56285595	0.4678686	-0.69243932	0.06435966	1.225743	-0.61570943	-1
0.63953049	-0.43457596	0.9761686	-1.2873733	-0.69243932	0.60975699	0.77000205	-0.19054773	-1
0.63953049	-0.4032992	-1.297051	-0.033629076	0.43560203	-1.0137513	1.0295631	0.14958163	-1
0.63953049	-0.37202243	-0.47042568	0.40518139	-0.69243932	-0.88691476	-0.80245504	-0.53067709	-1
0.63953049	-0.30946891	-0.26376935	1.1574279	-0.69243932	0.27998186	-0.63947485	-0.78577411	-1
0.63953049	-0.21563862	-3.5702706	-1.2873733	-0.69243932	-4.0578295	-0.85376362	-0.61570943	-1
0.63953049	-0.21563862	0.9761686	-1.2873733	-0.69243932	-0.53177231	-0.67871082	2.7855842	-1
0.63953049	-0.18436186	-0.47042568	1.1574279	-0.69243932	0.21656357	-0.68474712	0.57474333	1
0.63953049	-0.12180833	1.3894813	-1.2873733	-0.69243932	-0.41761938	-0.95034448	-0.27558007	-1
0.63953049	-0.059254805	-0.9870665	0.091745343	0.83475512	-0.62055792	2.5537298	-0.020483051	1
0.63953049	0.065852247	0.1495433	1.5335512	1.3033261	0.20387991	0.78811096	0.064549289	-1
0.63953049	0.09712901	0.1495433	-1.2873733	-0.69243932	-0.55713963	-0.31351445	-0.36061241	1
0.63953049	0.12840577	-0.057113028	0.59324302	0.34882961	-0.25273181	-0.023771875	-0.10551539	-1
0.63953049	0.12840577	0.35619962	-1.2873733	-0.69243932	0.22924723	-1.0589979	1.7651961	1
0.63953049	0.12840577	0.45952779	0.65593023	-0.69243932	-0.55713963	0.28106146	1.3400344	1
0.63953049	0.25351282	1.0794968	-0.8485628	2.1363413	-1.5718323	0.33237004	2.2753901	-1
0.63953049	0.40989664	0.046215135	0.15443255	0.43560203	0.43218577	0.21164397	-0.36061241	1
0.63953049	0.40989664	0.56285595	1.0320535	2.5181399	1.8020209	-0.70587419	1.0849374	1
0.63953049	0.50372693	-0.4187616	-1.2873733	-0.69243932	-0.98838403	-0.96845339	1.8502284	-1
0.63953049	0.72266427	0.1495433	0.40518139	1.2859717	0.24193088	-0.6545656	0.57474333	-1
0.63953049	0.81649456	0.56285595	-1.2873733	-0.69243932	-0.31615011	-0.88696329	1.4250667	1
0.63953049	0.84777132	0.1495433	0.90667906	-0.69243932	0.20387991	0.46818687	1.4250667	1
0.63953049	0.94160161	-0.36709752	0.65593023	0.34882961	0.44486943	0.66436674	-0.44564475	-1
0.63953049	1.0354319	0.25287146	0.71861743	0.98226822	-0.34151742	1.1080351	0.48971099	-1
0.63953049	1.0354319	0.45952779	1.2828023	0.52237444	1.7893373	0.29917037	-0.53067709	-1
0.63953049	1.285646	-0.36709752	-1.2873733	-0.69243932	-0.97570037	-0.88696329	1.4250667	1
0.63953049	1.3794763	-0.057113028	0.34249418	0.76533719	0.20387991	0.48025948	1.3400344	-1
0.63953049	1.4107531	0.25287146	-1.2873733	-0.69243932	-0.68397621	-0.50667617	2.7855842	-1
0.63953049	1.942458	1.2861531	-1.2873733	-0.69243932	1.1171033	2.9853255	0.99990502	-1
0.63953049	2.1613954	1.1828249	-1.2873733	-0.69243932	0.44486943	-0.58514811	2.7855842	1
0.63953049	2.2865024	0.45952779	-1.2873733	-0.69243932	-1.0771696	-1.0348527	2.1903578	1
0.63953049	2.3177792	0.046215135	-1.2873733	-0.69243932	-0.13857888	-0.43424052	-0.19054773	1
0.93630355	-1.8420303	0.45952779	-1.2873733	-0.69243932	0.077043319	-0.24409696	0.65977566	-1
0.93630355	-1.2477718	0.45952779	1.2201151	-0.27593175	1.8654392	-0.63645669	0.744808	-1
0.93630355	-1.1852183	0.45952779	0.34249418	-0.076355203	-0.34151742	0.89072812	0.23461397	-1
0.93630355	-0.84117388	-0.26376935	0.27980697	-0.0069372735	0.16582893	0.80320172	0.65977566	-1
0.93630355	-0.74734359	0.35619962	0.71861743	0.09718962	1.129787	1.2046159	-0.10551539	1
0.93630355	-0.6535133	-3.5702706	-1.2873733	-0.69243932	-0.25273181	0.036591161	-0.10551539	1
0.93630355	-0.59095977	0.25287146	1.2201151	0.218671	0.66049163	-0.80849135	0.99990502	-1
0.93630355	-0.55968301	-0.16044119	0.71861743	-0.69243932	0.90148115	-0.38595009	-0.19054773	1
0.93630355	-0.49712949	-3.5702706	-1.2873733	-0.69243932	-4.0578295	-0.50365801	-0.78577411	-1
0.93630355	-0.46585272	-0.47042568	0.21711976	-0.69243932	-0.69665987	-0.53082138	-0.36061241	1
0.93630355	-0.46585272	1.1828249	-0.15900349	-0.69243932	-1.1786389	-0.71492864	1.255002	-1
0.93630355	-0.43457596	0.25287146	-1.2873733	-0.69243932	-0.30346645	-0.65758376	-0.19054773	1
0.93630355	-0.37202243	0.56285595	0.65593023	-0.69243932	0.49560406	1.9772628	0.82984034	1
0.93630355	-0.21563862	-0.26376935	-1.2873733	-0.69243932	-0.58250694	0.78509281	0.064549289	1
0.93630355	-0.21563862	-0.16044119	-1.2873733	-0.69243932	0.10241064	-0.64551115	0.744808	1
0.93630355	-0.21563862	0.35619962	-0.2216907	0.2620572	-1.0391187	-0.017735572	-0.19054773	-1
0.93630355	-0.059254805	-3.5702706	-1.2873733	-0.69243932	-0.86154744	-0.79340059	0.31964631	-1
0.93630355	0.09712901	0.046215135	0.78130464	1.1731675	-0.82349646	-0.93827187	0.31964631	-1
0.93630355	0.12840577	0.87284044	-1.2873733	-0.69243932	0.71122626	-0.50667617	1.5100991	-1
0.93630355	0.25351282	-0.057113028	1.7843	0.39221582	0.82537919	-0.099225671	0.82984034	1
0.93630355	0.37861988	0.76951228	-1.2873733	-0.69243932	1.0410014	0.67643935	0.31964631	-1
0.93630355	0.37861988	0.9761686	-0.34706512	0.65253305	0.051676001	-0.63343854	0.31964631	-1
0.93630355	0.47245017	0.25287146	0.34249418	0.47898823	-0.76007817	0.52854991	1.5100991	-1
0.93630355	0.47245017	1.0794968	-1.2873733	-0.69243932	-0.26541547	-0.79038244	1.4250667	-1
0.93630355	0.50372693	1.0794968	1.2828023	-0.69243932	0.00094136531	-0.24409696	0.48971099	-1
0.93630355	0.66011074	-0.47042568	0.78130464	0.95623649	-0.40493572	0.64927598	2.3604225	-1
0.93630355	0.66011074	1.0794968	0.21711976	3.4726364	-0.20199718	-1.0378709	0.82984034	1
0.93630355	0.81649456	0.35619962	-1.2873733	-0.69243932	0.93953212	-0.6485293	0.82984034	1
0.93630355	0.91032485	-0.16044119	1.3454895	2.2751772	0.34340015	0.74283869	0.744808	-1
0.93630355	0.91032485	0.45952779	0.53055581	0.40089306	0.40681845	0.66436674	1.7651961	1
0.93630355	0.97287837	0.9761686	1.4708639	-0.69243932	2.284	-0.40707716	0.23461397	1
0.93630355	1.1918157	-0.26376935	-1.2873733	-0.69243932	-0.58250694	-0.53685768	0.57474333	-1
0.93630355	1.1918157	-0.16044119	-1.2873733	-0.69243932	-0.20199718	-0.26824217	0.23461397	1
0.93630355	1.2230925	-0.78041017	0.71861743	0.82607788	-0.18931352	0.35047895	0.48971099	1
0.93630355	1.2543692	0.87284044	-1.2873733	-0.69243932	-0.20199718	-0.92619927	1.1699697	1
0.93630355	1.4733066	0.9761686	1.3454895	2.0929551	0.78732822	0.95109116	0.57474333	1
0.93630355	1.7860742	0.76951228	-1.2873733	-0.69243932	1.0029504	-0.42518607	0.65977566	1
0.93630355	1.817351	1.3378172	0.65593023	-0.69243932	0.27998186	-0.92921742	2.2753901	-1
0.93630355	1.8799045	0.76951228	0.029058133	0.97359098	0.49560406	0.34444265	1.5100991	1
0.93630355	1.9737348	0.76951228	0.78130464	-0.69243932	0.44486943	-0.35275042	0.65977566	1
0.93630355	2.0675651	-0.9870665	0.78130464	2.7090392	0.24193088	1.0687991	0.064549289	1
0.93630355	2.0675651	-0.057113028	1.1574279	1.945442	0.72390992	-0.65758376	0.65977566	1
0.93630355	2.2865024	-0.057113028	0.4678686	-0.69243932	0.49560406	0.82432878	0.65977566	1
0.93630355	2.3177792	0.046215135	0.78130464	0.56576064	-0.8742311	-0.93223557	1.8502284	1
0.93630355	2.3490559	1.0794968	-1.2873733	-0.69243932	0.99026676	-0.063007849	0.65977566	1
1.2330766	-1.7482	0.1495433	0.15443255	-0.69243932	0.00094136531	0.38669677	0.744808	-1
1.2330766	-1.4667091	0.046215135	1.2201151	-0.26725451	0.41950211	0.70360271	0.48971099	-1
1.2330766	-1.1539415	0.25287146	0.65593023	-0.69243932	0.80001187	-0.044898938	0.48971099	-1
1.2330766	-1.1226647	-0.72874609	-0.033629076	-0.69243932	-0.96301671	-1.0137257	0.744808	-1
1.2330766	-0.93500417	0.66618411	-1.2873733	-0.69243932	0.45755308	0.3474608	2.9556488	-1
1.2330766	-0.80989712	0.1495433	-1.2873733	-0.69243932	0.60975699	0.039609313	2.0202931	-1
1.2330766	-0.68479006	0.76951228	-1.2873733	-0.69243932	0.43218577	-0.25315141	1.4250667	-1
1.2330766	-0.6535133	0.25287146	1.2201151	1.1731675	0.93953212	0.57080403	0.82984034	1
1.2330766	-0.6535133	0.35619962	-1.2873733	-0.69243932	0.85074651	-0.85074547	0.744808	-1
1.2330766	-0.49712949	1.5961376	0.96936627	-0.69243932	1.4341948	-0.70285603	0.99990502	1
1.2330766	-0.43457596	0.56285595	-1.2873733	-0.69243932	-0.93764939	1.1593436	0.064549289	-1
1.2330766	-0.4032992	0.046215135	-1.2873733	-0.69243932	-0.18931352	1.4581407	-0.020483051	1
1.2330766	-0.37202243	0.35619962	1.1574279	0.29676617	-0.51908865	0.50742284	-0.19054773	1
1.2330766	-0.34074567	0.35619962	-1.2873733	-0.69243932	-0.53177231	-0.70889234	2.1053254	-1
1.2330766	-0.27819215	0.1495433	-1.2873733	-0.69243932	-1.064486	1.1110532	2.1053254	-1
1.2330766	-0.090531568	0.1495433	-0.096316285	-0.69243932	-1.1279043	3.0305978	1.0849374	-1
1.2330766	-0.027978042	-3.5702706	-1.2873733	-0.69243932	-0.25273181	-0.87187254	0.40467865	1
1.2330766	-0.027978042	0.45952779	-1.2873733	-0.69243932	-0.88691476	-0.18977023	2.6155195	-1
1.2330766	-0.027978042	0.87284044	-1.2873733	-0.69243932	-0.45567035	-0.642493	-0.95583878	1
1.2330766	0.09712901	0.35619962	0.21711976	4.5139054	-0.41761938	0.64927598	1.5951314	1
1.2330766	0.12840577	1.3894813	-1.2873733	-0.69243932	-4.0578295	-0.7239831	1.7651961	1
1.2330766	0.15968254	0.25287146	1.0947407	-0.041646238	-0.77276183	-0.93525372	0.48971099	-1
1.2330766	0.15968254	0.9761686	0.96936627	0.24470272	0.82537919	-0.37085933	1.3400344	-1
1.2330766	0.37861988	0.1495433	-1.2873733	-0.69243932	0.1150943	-0.60929333	0.48971099	1
1.2330766	0.69138751	-0.16044119	-1.2873733	-0.69243932	0.36876747	-1.0348527	0.65977566	1
1.2330766	0.94160161	0.45952779	0.71861743	1.1297813	1.3834602	0.13317202	0.23461397	1
1.2330766	1.0354319	0.45952779	0.71861743	-0.69243932	0.051676001	-0.087153064	0.99990502	1
1.2330766	1.0667087	-0.36709752	0.34249418	3.602795	0.25461454	0.21466212	1.0849374	1
1.2330766	1.4420298	1.9061221	1.5962384	1.3120034	0.71122626	-0.92619927	0.82984034	1
1.2330766	1.7235207	1.0794968	0.84399185	1.910733	0.21656357	-0.01471742	2.1053254	1
1.2330766	1.817351	0.1495433	1.3454895	0.43560203	0.089726977	0.74585684	0.23461397	1
1.2330766	1.8799045	-0.057113028	0.96936627	3.602795	-0.24004815	0.43196905	2.2753901	1
1.2330766	1.942458	-0.26376935	-1.2873733	-0.69243932	-1.102537	0.6040037	-0.10551539	1
1.2330766	2.0362883	1.0794968	0.90667906	1.2599399	0.31803284	-0.1475161	0.31964631	1
1.2330766	2.0988418	0.45952779	-1.2873733	-0.69243932	2.0176431	-1.0107075	0.82984034	1
1.2330766	2.2865024	0.56285595	-1.2873733	-0.69243932	-0.74739451	0.23880733	2.8706165	-1
1.2330766	2.3490559	0.35619962	0.53055581	1.7371882	0.6985426	0.40178753	2.0202931	1
1.2330766	2.3803327	0.25287146	-1.2873733	-0.69243932	-0.77276183	2.1704245	0.48971099	1
1.5298497	-1.9984141	0.56285595	1.0320535	-0.69243932	0.10241064	-1.1344517	0.65977566	-1
1.5298497	-1.5292627	0.45952779	0.27980697	-0.69243932	-0.04979327	-0.57911181	0.40467865	-1
1.5298497	-0.99755769	-0.36709752	-1.2873733	-0.69243932	-1.2040062	-0.99561676	-0.020483051	-1
1.5298497	-0.93500417	-0.057113028	-1.2873733	-0.69243932	-0.98838403	-0.82056395	2.1053254	-1
1.5298497	-0.59095977	0.35619962	1.0320535	-0.69243932	0.1150943	0.58287664	1.0849374	1
1.5298497	-0.46585272	-0.88373833	-1.2873733	-0.69243932	-0.10052791	-0.27729663	0.744808	-1
1.5298497	-0.27819215	0.66618411	0.21711976	-0.69243932	-0.48103767	2.4450763	1.4250667	1
1.5298497	-0.27819215	0.66618411	0.71861743	0.82607788	0.27998186	-0.63947485	0.23461397	1
1.5298497	-0.059254805	0.56285595	0.90667906	-0.69243932	-0.3795684	-0.63042039	-0.36061241	1
1.5298497	-0.027978042	0.1495433	0.091745343	-0.20651382	-1.4196284	0.78811096	1.255002	-1
1.5298497	0.034575484	-0.67708201	-1.2873733	-0.69243932	0.16582893	1.9380268	-0.020483051	1
1.5298497	0.065852247	0.046215135	1.4708639	0.12322134	0.14046161	-0.29540554	0.57474333	-1
1.5298497	0.09712901	0.046215135	0.78130464	2.7958116	0.43218577	-0.57307551	0.064549289	-1
1.5298497	0.28478959	0.046215135	-1.2873733	-0.69243932	0.27998186	0.54364067	0.99990502	1
1.5298497	0.40989664	0.25287146	0.78130464	-0.17180486	-0.77276183	-0.035844483	4.0610692	-1
1.5298497	0.59755722	1.2861531	-1.2873733	-0.69243932	0.089726977	0.79112911	0.99990502	1
1.5298497	0.75394103	0.56285595	1.5962384	0.43560203	0.74927724	0.49836839	0.57474333	1
1.5298497	0.75394103	0.9761686	0.84399185	0.73930547	-0.21468084	0.90280073	1.6801637	1
1.5298497	0.97287837	0.45952779	0.84399185	0.79136891	0.27998186	1.2710153	-0.020483051	1
1.5298497	1.0354319	0.45952779	0.59324302	0.17528479	-0.13857888	-0.92921742	0.99990502	-1
1.5298497	1.0979854	0.87284044	-1.2873733	-0.69243932	-0.91228207	-0.7300194	1.6801637	1
1.5298497	1.0979854	0.87284044	0.4678686	0.65253305	0.29266552	2.1643882	0.744808	1
1.5298497	1.3481995	0.45952779	-1.2873733	-0.69243932	0.10241064	-0.97750785	0.99990502	1
1.5298497	1.3481995	0.76951228	0.029058133	-0.69243932	-0.15126254	1.0838898	-0.10551539	1
1.5298497	1.3794763	0.9761686	-1.2873733	-0.69243932	-0.20199718	-0.51271247	1.3400344	1
1.5298497	1.5358601	0.25287146	0.65593023	-0.69243932	1.5229804	-0.20787914	0.82984034	1
1.5298497	1.5671369	2.1127784	0.21711976	1.3900986	1.7005517	0.75189314	1.7651961	1
1.5298497	1.9737348	0.82117636	-0.34706512	-0.69243932	-0.25273181	2.2368238	1.3400344	1
1.8266227	-1.6543697	1.9061221	0.15443255	-0.26725451	0.44486943	-0.56402105	1.1699697	-1
1.8266227	-1.4354324	0.66618411	-1.2873733	-0.69243932	0.16582893	-0.63042039	0.40467865	-1
1.8266227	-0.96628093	0.82117636	0.71861743	-0.69243932	0.36876747	1.0657809	1.9352608	1
1.8266227	-0.9037274	-0.36709752	-1.2873733	-0.69243932	-0.77276183	-0.92016296	-0.19054773	-1
1.8266227	-0.84117388	0.1495433	-0.15900349	-0.69243932	-1.1279043	0.37160601	1.9352608	-1
1.8266227	-0.62223654	0.35619962	1.7216128	0.86946408	0.1150943	-0.90809036	2.5304871	-1
1.8266227	-0.62223654	0.87284044	1.0320535	-0.69243932	1.725919	2.0044261	0.40467865	1
1.8266227	-0.4032992	-0.16044119	-1.2873733	-0.69243932	0.051676001	-0.60325702	0.744808	1
1.8266227	-0.30946891	0.046215135	0.40518139	-0.69243932	-0.56982328	-0.99863491	0.57474333	1
1.8266227	-0.18436186	-3.5702706	-1.2873733	-0.69243932	-4.0578295	-0.63645669	-0.27558007	1
1.8266227	-0.18436186	-3.5702706	-1.2873733	-0.69243932	0.41950211	-1.019762	-0.36061241	-1
1.8266227	-0.18436186	1.4928094	-1.2873733	-0.69243932	-1.0137513	1.6603568	0.064549289	-1
1.8266227	0.034575484	-0.057113028	-1.2873733	-0.69243932	-0.10052791	-0.64551115	0.65977566	-1
1.8266227	0.034575484	0.45952779	0.65593023	-0.69243932	-0.55713963	0.12109941	0.99990502	-1
1.8266227	0.12840577	0.046215135	0.34249418	0.30544341	-0.11321156	-0.8054732	0.65977566	1
1.8266227	0.25351282	-0.36709752	0.96936627	-0.69243932	1.167838	-0.093189367	0.40467865	1
1.8266227	0.25351282	0.35619962	0.4678686	0.3661841	0.49560406	-0.57911181	0.48971099	-1
1.8266227	0.37861988	-0.057113028	-1.2873733	-0.69243932	-0.63324158	-0.68474712	0.23461397	-1
1.8266227	0.56628045	0.56285595	-1.2873733	-0.69243932	-0.62055792	2.9249624	2.0202931	-1
1.8266227	0.84777132	0.76951228	1.7216128	1.3640668	0.71122626	1.5969756	1.5100991	1
1.8266227	1.2543692	-0.057113028	0.15443255	0.45295651	-0.82349646	-0.44027683	1.1699697	1
1.8266227	1.285646	0.76951228	-1.2873733	-0.69243932	-0.54445597	-0.87489069	1.7651961	-1
1.8266227	1.4733066	0.25287146	-1.2873733	-0.69243932	0.7619609	0.19655321	0.064549289	1
1.8266227	1.817351	0.046215135	-1.2873733	-0.69243932	0.39413479	-0.82056395	0.31964631	-1
2.1233958	-1.1226647	0.25287146	-1.2873733	-0.69243932	-0.24004815	-0.51874877	0.14958163	-1
2.1233958	-0.55968301	-0.057113028	1.2201151	-0.69243932	1.8020209	-1.0439072	0.744808	-1
2.1233958	-0.30946891	0.76951228	1.2201151	-0.69243932	1.8781229	1.3675961	0.99990502	1
2.1233958	-0.027978042	0.56285595	1.0320535	0.60914685	1.3073582	0.94505486	1.255002	1
2.1233958	0.1909593	1.9061221	-1.2873733	-0.69243932	0.88879749	-0.85074547	1.5100991	-1
2.1233958	0.4411734	-3.5702706	-1.2873733	-0.69243932	2.5757241	0.32029743	0.57474333	1
2.1233958	0.47245017	0.76951228	0.90667906	0.43560203	-0.46835401	-0.63947485	0.744808	1
2.1233958	0.53500369	0.25287146	0.34249418	0.5570834	0.52097138	0.25691624	1.4250667	1
2.1233958	0.53500369	0.35619962	-1.2873733	-0.69243932	0.15314527	-0.15657056	0.14958163	-1
2.1233958	0.69138751	1.2861531	0.78130464	0.57443788	0.58438967	-0.65758376	1.5100991	1
2.1233958	1.0667087	0.35619962	0.4678686	0.60914685	0.16582893	2.6593651	1.5100991	1
2.4201689	-1.1539415	0.1495433	0.65593023	-0.69243932	-0.29078279	-0.52780323	1.0849374	1
2.4201689	-1.0288345	0.25287146	1.2201151	-0.2238683	0.41950211	-0.28333293	1.255002	-1
2.4201689	-0.9037274	-0.36709752	-0.8485628	1.5462889	-0.55713963	1.3706143	0.91487268	1
2.4201689	-0.6535133	0.76951228	0.78130464	0.218671	-0.25273181	0.048663768	1.0849374	-1
2.4201689	-0.46585272	0.56285595	-1.2873733	-0.69243932	-1.064486	-1.0107075	0.91487268	-1
2.4201689	0.0032987211	0.45952779	-0.2216907	-0.69243932	-0.69665987	-0.642493	2.4454548	-1
2.4201689	0.59755722	0.66618411	1.4081767	2.1276641	0.9141648	0.16938984	2.1053254	1
2.4201689	0.59755722	0.82117636	0.78130464	-0.69243932	0.68585894	-0.68776527	0.65977566	-1
2.4201689	0.94160161	0.046215135	1.2201151	1.659093	1.2439399	0.81527433	0.40467865	1
2.7169419	-1.4041556	-0.47042568	-1.2873733	-0.69243932	0.10241064	-0.88092699	0.65977566	-1
2.7169419	-0.52840625	0.1495433	-1.2873733	-0.69243932	-0.10052791	-0.020753724	0.40467865	1
2.7169419	-0.46585272	0.046215135	-1.2873733	-0.69243932	0.27998186	-0.66663821	1.5951314	-1
2.7169419	-0.46585272	0.1495433	2.097736	-0.69243932	0.58438967	-0.88696329	0.99990502	-1
2.7169419	0.15968254	1.0794968	-1.2873733	-0.69243932	1.4468785	0.33538819	0.744808	1
2.7169419	0.25351282	-3.5702706	0.59324302	-0.69243932	1.0029504	0.29313407	0.91487268	1
2.7169419	0.75394103	0.66618411	-0.096316285	0.2620572	-1.2420572	-0.68474712	2.0202931	-1
2.7169419	0.97287837	1.0794968	0.78130464	-0.44079933	-0.6586089	0.78207466	0.82984034	1
2.7169419	1.0041551	0.9761686	1.0320535	0.52237444	1.091736	2.1191159	0.48971099	-1
2.7169419	1.160539	2.3194347	-1.2873733	-0.69243932	1.3073582	-0.6485293	0.91487268	1
3.013715	-0.6535133	0.45952779	0.27980697	0.90417305	0.58438967	-0.18071577	1.0849374	1
3.013715	1.6922439	-0.36709752	0.59324302	-0.69243932	0.20387991	-0.78434613	0.40467865	1
3.3104881	0.47245017	0.046215135	0.71861743	0.2620572	0.64780797	-0.96241709	0.82984034	1
3.9040342	1.3169228	0.1495433	1.2828023	0.29676617	1.129787	1.0416357	1.1699697	1
